  Summary of Regression Results   
==================================
Model:                         VAR
Method:                        OLS
Date:           Sat, 23, May, 2026
Time:                     14:22:51
--------------------------------------------------------------------
No. of Equations:         7.00000    BIC:                   -51.1427
Nobs:                     270.000    HQIC:                  -53.0409
Log likelihood:           4888.68    FPE:                2.60340e-24
AIC:                     -54.3146    Det(Omega_mle):     1.13494e-24
--------------------------------------------------------------------
Results for equation LN_Preco_Barril
=============================================================================================
                                coefficient       std. error           t-stat            prob
---------------------------------------------------------------------------------------------
const                              0.382243         0.868196            0.440           0.660
m_2                               -0.007940         0.029827           -0.266           0.790
m_3                               -0.010383         0.029338           -0.354           0.723
m_4                               -0.024856         0.030237           -0.822           0.411
m_5                                0.001398         0.029891            0.047           0.963
m_6                               -0.003639         0.030162           -0.121           0.904
m_7                               -0.004464         0.030646           -0.146           0.884
m_8                               -0.017387         0.030330           -0.573           0.566
m_9                               -0.006038         0.030915           -0.195           0.845
m_10                               0.007864         0.030063            0.262           0.794
m_11                              -0.042370         0.029223           -1.450           0.147
m_12                              -0.023619         0.029658           -0.796           0.426
Stringency                         0.000205         0.000636            0.322           0.748
L1.LN_Preco_Barril                 1.256843         0.078289           16.054           0.000
L1.LN_Cambio                      -0.455707         0.199175           -2.288           0.022
L1.LN_Combustivel                 -0.762534         0.366679           -2.080           0.038
L1.LN_Atividade                   -0.447484         0.647590           -0.691           0.490
L1.LN_Expectativa_Inflacao        -0.056455         0.154213           -0.366           0.714
L1.LN_Selic                        0.166931         0.247037            0.676           0.499
L1.LN_IPCA_Resposta                4.285256         3.685252            1.163           0.245
L2.LN_Preco_Barril                -0.426254         0.114076           -3.737           0.000
L2.LN_Cambio                       0.216027         0.301573            0.716           0.474
L2.LN_Combustivel                  0.730166         0.560546            1.303           0.193
L2.LN_Atividade                   -0.301289         0.895703           -0.336           0.737
L2.LN_Expectativa_Inflacao        -0.057502         0.195699           -0.294           0.769
L2.LN_Selic                       -0.046068         0.445025           -0.104           0.918
L2.LN_IPCA_Resposta               -2.109518         6.082195           -0.347           0.729
L3.LN_Preco_Barril                 0.091674         0.080151            1.144           0.253
L3.LN_Cambio                       0.174342         0.198111            0.880           0.379
L3.LN_Combustivel                 -0.057337         0.346789           -0.165           0.869
L3.LN_Atividade                    0.733062         0.632523            1.159           0.246
L3.LN_Expectativa_Inflacao        -0.009707         0.111783           -0.087           0.931
L3.LN_Selic                       -0.114343         0.247640           -0.462           0.644
L3.LN_IPCA_Resposta               -2.039142         3.785602           -0.539           0.590
=============================================================================================

Results for equation LN_Cambio
=============================================================================================
                                coefficient       std. error           t-stat            prob
---------------------------------------------------------------------------------------------
const                              0.298495         0.295362            1.011           0.312
m_2                                0.010823         0.010147            1.067           0.286
m_3                                0.023410         0.009981            2.345           0.019
m_4                               -0.002188         0.010287           -0.213           0.832
m_5                                0.026055         0.010169            2.562           0.010
m_6                                0.008077         0.010261            0.787           0.431
m_7                                0.015982         0.010426            1.533           0.125
m_8                                0.025190         0.010318            2.441           0.015
m_9                                0.018582         0.010517            1.767           0.077
m_10                               0.011516         0.010228            1.126           0.260
m_11                               0.019147         0.009942            1.926           0.054
m_12                               0.018250         0.010090            1.809           0.070
Stringency                         0.000056         0.000216            0.259           0.796
L1.LN_Preco_Barril                -0.072788         0.026634           -2.733           0.006
L1.LN_Cambio                       1.289058         0.067760           19.024           0.000
L1.LN_Combustivel                  0.222189         0.124745            1.781           0.075
L1.LN_Atividade                   -0.102547         0.220312           -0.465           0.642
L1.LN_Expectativa_Inflacao        -0.056192         0.052463           -1.071           0.284
L1.LN_Selic                       -0.008152         0.084043           -0.097           0.923
L1.LN_IPCA_Resposta                0.748903         1.253731            0.597           0.550
L2.LN_Preco_Barril                 0.057940         0.038809            1.493           0.135
L2.LN_Cambio                      -0.446336         0.102596           -4.350           0.000
L2.LN_Combustivel                 -0.399229         0.190699           -2.094           0.036
L2.LN_Atividade                    0.176967         0.304720            0.581           0.561
L2.LN_Expectativa_Inflacao         0.086217         0.066577            1.295           0.195
L2.LN_Selic                       -0.026477         0.151398           -0.175           0.861
L2.LN_IPCA_Resposta               -1.153403         2.069176           -0.557           0.577
L3.LN_Preco_Barril                 0.028654         0.027267            1.051           0.293
L3.LN_Cambio                       0.112546         0.067398            1.670           0.095
L3.LN_Combustivel                  0.156560         0.117978            1.327           0.185
L3.LN_Atividade                   -0.240667         0.215186           -1.118           0.263
L3.LN_Expectativa_Inflacao        -0.012701         0.038029           -0.334           0.738
L3.LN_Selic                        0.024822         0.084248            0.295           0.768
L3.LN_IPCA_Resposta                0.505554         1.287870            0.393           0.695
=============================================================================================

Results for equation LN_Combustivel
=============================================================================================
                                coefficient       std. error           t-stat            prob
---------------------------------------------------------------------------------------------
const                              0.396047         0.190684            2.077           0.038
m_2                                0.004501         0.006551            0.687           0.492
m_3                                0.005597         0.006444            0.869           0.385
m_4                               -0.007943         0.006641           -1.196           0.232
m_5                               -0.000866         0.006565           -0.132           0.895
m_6                               -0.010209         0.006625           -1.541           0.123
m_7                               -0.004233         0.006731           -0.629           0.529
m_8                               -0.000264         0.006662           -0.040           0.968
m_9                                0.001247         0.006790            0.184           0.854
m_10                               0.006503         0.006603            0.985           0.325
m_11                               0.003778         0.006418            0.589           0.556
m_12                               0.001622         0.006514            0.249           0.803
Stringency                        -0.000062         0.000140           -0.441           0.659
L1.LN_Preco_Barril                 0.045390         0.017195            2.640           0.008
L1.LN_Cambio                       0.046592         0.043745            1.065           0.287
L1.LN_Combustivel                  1.241643         0.080535           15.417           0.000
L1.LN_Atividade                    0.136403         0.142232            0.959           0.338
L1.LN_Expectativa_Inflacao         0.026016         0.033870            0.768           0.442
L1.LN_Selic                        0.091221         0.054257            1.681           0.093
L1.LN_IPCA_Resposta                0.572483         0.809402            0.707           0.479
L2.LN_Preco_Barril                -0.045609         0.025055           -1.820           0.069
L2.LN_Cambio                      -0.067601         0.066235           -1.021           0.307
L2.LN_Combustivel                 -0.427559         0.123114           -3.473           0.001
L2.LN_Atividade                   -0.380490         0.196726           -1.934           0.053
L2.LN_Expectativa_Inflacao        -0.069341         0.042982           -1.613           0.107
L2.LN_Selic                       -0.031847         0.097742           -0.326           0.745
L2.LN_IPCA_Resposta                0.655547         1.335849            0.491           0.624
L3.LN_Preco_Barril                 0.008413         0.017604            0.478           0.633
L3.LN_Cambio                       0.042211         0.043512            0.970           0.332
L3.LN_Combustivel                  0.043129         0.076166            0.566           0.571
L3.LN_Atividade                    0.171999         0.138923            1.238           0.216
L3.LN_Expectativa_Inflacao         0.005167         0.024551            0.210           0.833
L3.LN_Selic                       -0.059187         0.054390           -1.088           0.277
L3.LN_IPCA_Resposta               -1.101801         0.831442           -1.325           0.185
=============================================================================================

Results for equation LN_Atividade
=============================================================================================
                                coefficient       std. error           t-stat            prob
---------------------------------------------------------------------------------------------
const                              0.250958         0.098131            2.557           0.011
m_2                                0.001106         0.003371            0.328           0.743
m_3                               -0.007767         0.003316           -2.342           0.019
m_4                               -0.001428         0.003418           -0.418           0.676
m_5                               -0.001369         0.003379           -0.405           0.685
m_6                               -0.000084         0.003409           -0.025           0.980
m_7                               -0.000588         0.003464           -0.170           0.865
m_8                                0.001405         0.003428            0.410           0.682
m_9                                0.001554         0.003494            0.445           0.657
m_10                               0.001233         0.003398            0.363           0.717
m_11                              -0.002217         0.003303           -0.671           0.502
m_12                              -0.000738         0.003352           -0.220           0.826
Stringency                        -0.000039         0.000072           -0.548           0.584
L1.LN_Preco_Barril                 0.043634         0.008849            4.931           0.000
L1.LN_Cambio                      -0.011559         0.022513           -0.513           0.608
L1.LN_Combustivel                 -0.034051         0.041445           -0.822           0.411
L1.LN_Atividade                    1.012851         0.073196           13.837           0.000
L1.LN_Expectativa_Inflacao        -0.008384         0.017430           -0.481           0.631
L1.LN_Selic                        0.037632         0.027922            1.348           0.178
L1.LN_IPCA_Resposta                0.215475         0.416539            0.517           0.605
L2.LN_Preco_Barril                -0.047624         0.012894           -3.694           0.000
L2.LN_Cambio                       0.002067         0.034086            0.061           0.952
L2.LN_Combustivel                  0.014322         0.063358            0.226           0.821
L2.LN_Atividade                   -0.211789         0.101240           -2.092           0.036
L2.LN_Expectativa_Inflacao         0.039462         0.022120            1.784           0.074
L2.LN_Selic                       -0.084033         0.050301           -1.671           0.095
L2.LN_IPCA_Resposta               -0.127322         0.687463           -0.185           0.853
L3.LN_Preco_Barril                 0.011142         0.009059            1.230           0.219
L3.LN_Cambio                       0.004460         0.022392            0.199           0.842
L3.LN_Combustivel                  0.003939         0.039197            0.100           0.920
L3.LN_Atividade                    0.118738         0.071493            1.661           0.097
L3.LN_Expectativa_Inflacao        -0.036247         0.012635           -2.869           0.004
L3.LN_Selic                        0.045897         0.027990            1.640           0.101
L3.LN_IPCA_Resposta               -0.053881         0.427882           -0.126           0.900
=============================================================================================

Results for equation LN_Expectativa_Inflacao
=============================================================================================
                                coefficient       std. error           t-stat            prob
---------------------------------------------------------------------------------------------
const                             -0.332500         0.501310           -0.663           0.507
m_2                               -0.022140         0.017222           -1.286           0.199
m_3                               -0.014680         0.016940           -0.867           0.386
m_4                               -0.041772         0.017460           -2.393           0.017
m_5                               -0.003439         0.017260           -0.199           0.842
m_6                               -0.046826         0.017416           -2.689           0.007
m_7                               -0.038368         0.017696           -2.168           0.030
m_8                               -0.034005         0.017513           -1.942           0.052
m_9                               -0.027128         0.017851           -1.520           0.129
m_10                              -0.009358         0.017359           -0.539           0.590
m_11                              -0.007494         0.016874           -0.444           0.657
m_12                              -0.013814         0.017125           -0.807           0.420
Stringency                         0.000465         0.000367            1.267           0.205
L1.LN_Preco_Barril                 0.130144         0.045205            2.879           0.004
L1.LN_Cambio                       0.302942         0.115007            2.634           0.008
L1.LN_Combustivel                 -0.363651         0.211726           -1.718           0.086
L1.LN_Atividade                    1.033644         0.373929            2.764           0.006
L1.LN_Expectativa_Inflacao         1.138606         0.089045           12.787           0.000
L1.LN_Selic                        0.312307         0.142643            2.189           0.029
L1.LN_IPCA_Resposta               -8.796229         2.127924           -4.134           0.000
L2.LN_Preco_Barril                -0.182211         0.065869           -2.766           0.006
L2.LN_Cambio                      -0.342860         0.174133           -1.969           0.049
L2.LN_Combustivel                  0.418519         0.323668            1.293           0.196
L2.LN_Atividade                   -0.824731         0.517193           -1.595           0.111
L2.LN_Expectativa_Inflacao        -0.263743         0.113000           -2.334           0.020
L2.LN_Selic                       -0.242753         0.256964           -0.945           0.345
L2.LN_IPCA_Resposta               11.366466         3.511957            3.237           0.001
L3.LN_Preco_Barril                 0.065654         0.046280            1.419           0.156
L3.LN_Cambio                       0.130790         0.114393            1.143           0.253
L3.LN_Combustivel                 -0.228656         0.200242           -1.142           0.253
L3.LN_Atividade                    0.061117         0.365229            0.167           0.867
L3.LN_Expectativa_Inflacao         0.051202         0.064545            0.793           0.428
L3.LN_Selic                       -0.064969         0.142991           -0.454           0.650
L3.LN_IPCA_Resposta               -2.570881         2.185867           -1.176           0.240
=============================================================================================

Results for equation LN_Selic
=============================================================================================
                                coefficient       std. error           t-stat            prob
---------------------------------------------------------------------------------------------
const                             -0.222041         0.224072           -0.991           0.322
m_2                                0.002129         0.007698            0.277           0.782
m_3                               -0.000240         0.007572           -0.032           0.975
m_4                               -0.006609         0.007804           -0.847           0.397
m_5                                0.005380         0.007715            0.697           0.486
m_6                               -0.006192         0.007784           -0.795           0.426
m_7                               -0.003156         0.007909           -0.399           0.690
m_8                               -0.000895         0.007828           -0.114           0.909
m_9                               -0.006765         0.007979           -0.848           0.397
m_10                               0.006548         0.007759            0.844           0.399
m_11                              -0.000677         0.007542           -0.090           0.928
m_12                              -0.002628         0.007654           -0.343           0.731
Stringency                        -0.000168         0.000164           -1.023           0.306
L1.LN_Preco_Barril                 0.037121         0.020205            1.837           0.066
L1.LN_Cambio                       0.079526         0.051405            1.547           0.122
L1.LN_Combustivel                  0.086677         0.094636            0.916           0.360
L1.LN_Atividade                    0.149688         0.167136            0.896           0.370
L1.LN_Expectativa_Inflacao         0.066383         0.039801            1.668           0.095
L1.LN_Selic                        1.503074         0.063758           23.575           0.000
L1.LN_IPCA_Resposta               -1.297307         0.951123           -1.364           0.173
L2.LN_Preco_Barril                -0.013954         0.029442           -0.474           0.636
L2.LN_Cambio                      -0.077969         0.077833           -1.002           0.316
L2.LN_Combustivel                  0.005166         0.144671            0.036           0.972
L2.LN_Atividade                    0.110018         0.231171            0.476           0.634
L2.LN_Expectativa_Inflacao        -0.052754         0.050508           -1.044           0.296
L2.LN_Selic                       -0.278627         0.114856           -2.426           0.015
L2.LN_IPCA_Resposta                2.758484         1.569748            1.757           0.079
L3.LN_Preco_Barril                -0.009025         0.020686           -0.436           0.663
L3.LN_Cambio                       0.047545         0.051130            0.930           0.352
L3.LN_Combustivel                 -0.074238         0.089502           -0.829           0.407
L3.LN_Atividade                   -0.147558         0.163247           -0.904           0.366
L3.LN_Expectativa_Inflacao         0.002179         0.028850            0.076           0.940
L3.LN_Selic                       -0.242518         0.063913           -3.794           0.000
L3.LN_IPCA_Resposta               -1.551165         0.977023           -1.588           0.112
=============================================================================================

Results for equation LN_IPCA_Resposta
=============================================================================================
                                coefficient       std. error           t-stat            prob
---------------------------------------------------------------------------------------------
const                             -0.025346         0.021905           -1.157           0.247
m_2                                0.000760         0.000753            1.010           0.313
m_3                               -0.000417         0.000740           -0.563           0.573
m_4                               -0.000865         0.000763           -1.134           0.257
m_5                               -0.000868         0.000754           -1.152           0.249
m_6                               -0.002731         0.000761           -3.589           0.000
m_7                               -0.002182         0.000773           -2.822           0.005
m_8                               -0.002624         0.000765           -3.428           0.001
m_9                               -0.001139         0.000780           -1.460           0.144
m_10                              -0.000062         0.000759           -0.081           0.935
m_11                              -0.000718         0.000737           -0.973           0.330
m_12                               0.000645         0.000748            0.861           0.389
Stringency                         0.000015         0.000016            0.934           0.350
L1.LN_Preco_Barril                 0.003163         0.001975            1.602           0.109
L1.LN_Cambio                       0.005962         0.005025            1.186           0.235
L1.LN_Combustivel                  0.008661         0.009252            0.936           0.349
L1.LN_Atividade                    0.027306         0.016339            1.671           0.095
L1.LN_Expectativa_Inflacao         0.012631         0.003891            3.246           0.001
L1.LN_Selic                        0.002376         0.006233            0.381           0.703
L1.LN_IPCA_Resposta                1.096901         0.092981           11.797           0.000
L2.LN_Preco_Barril                -0.004284         0.002878           -1.488           0.137
L2.LN_Cambio                      -0.008824         0.007609           -1.160           0.246
L2.LN_Combustivel                 -0.018010         0.014143           -1.273           0.203
L2.LN_Atividade                   -0.021319         0.022599           -0.943           0.345
L2.LN_Expectativa_Inflacao        -0.009593         0.004938           -1.943           0.052
L2.LN_Selic                        0.007508         0.011228            0.669           0.504
L2.LN_IPCA_Resposta                0.031952         0.153457            0.208           0.835
L3.LN_Preco_Barril                 0.000361         0.002022            0.178           0.858
L3.LN_Cambio                       0.006850         0.004998            1.370           0.171
L3.LN_Combustivel                  0.005539         0.008750            0.633           0.527
L3.LN_Atividade                    0.008305         0.015959            0.520           0.603
L3.LN_Expectativa_Inflacao        -0.001368         0.002820           -0.485           0.628
L3.LN_Selic                       -0.010081         0.006248           -1.614           0.107
L3.LN_IPCA_Resposta               -0.132439         0.095513           -1.387           0.166
=============================================================================================

Correlation matrix of residuals
                           LN_Preco_Barril  LN_Cambio  LN_Combustivel  LN_Atividade  LN_Expectativa_Inflacao  LN_Selic  LN_IPCA_Resposta
LN_Preco_Barril                   1.000000  -0.265594        0.271207      0.437853                 0.275001 -0.059136          0.147517
LN_Cambio                        -0.265594   1.000000       -0.039668     -0.217224                 0.024255 -0.018859         -0.076395
LN_Combustivel                    0.271207  -0.039668        1.000000      0.019451                 0.392123  0.124587          0.534375
LN_Atividade                      0.437853  -0.217224        0.019451      1.000000                 0.264674 -0.025596          0.140790
LN_Expectativa_Inflacao           0.275001   0.024255        0.392123      0.264674                 1.000000  0.119077          0.646240
LN_Selic                         -0.059136  -0.018859        0.124587     -0.025596                 0.119077  1.000000          0.056592
LN_IPCA_Resposta                  0.147517  -0.076395        0.534375      0.140790                 0.646240  0.056592          1.000000


