  Summary of Regression Results   
==================================
Model:                         VAR
Method:                        OLS
Date:           Sat, 23, May, 2026
Time:                     14:22:52
--------------------------------------------------------------------
No. of Equations:         7.00000    BIC:                   -49.4904
Nobs:                     270.000    HQIC:                  -51.3886
Log likelihood:           4665.62    FPE:                1.35872e-23
AIC:                     -52.6623    Det(Omega_mle):     5.92328e-24
--------------------------------------------------------------------
Results for equation LN_Preco_Barril
=============================================================================================
                                coefficient       std. error           t-stat            prob
---------------------------------------------------------------------------------------------
const                              0.640038         0.687358            0.931           0.352
m_2                               -0.010610         0.029272           -0.362           0.717
m_3                               -0.008642         0.030143           -0.287           0.774
m_4                               -0.024192         0.029792           -0.812           0.417
m_5                                0.001474         0.030191            0.049           0.961
m_6                               -0.004314         0.031271           -0.138           0.890
m_7                               -0.009522         0.031255           -0.305           0.761
m_8                               -0.024893         0.029910           -0.832           0.405
m_9                               -0.015416         0.030525           -0.505           0.614
m_10                               0.001707         0.029671            0.058           0.954
m_11                              -0.044669         0.029169           -1.531           0.126
m_12                              -0.027166         0.029252           -0.929           0.353
Stringency                        -0.000111         0.000670           -0.165           0.869
L1.LN_Preco_Barril                 1.246933         0.076511           16.297           0.000
L1.LN_Cambio                      -0.485845         0.195657           -2.483           0.013
L1.LN_Combustivel                 -0.823794         0.566651           -1.454           0.146
L1.LN_Atividade                   -0.634179         0.659872           -0.961           0.337
L1.LN_Expectativa_Inflacao         0.036116         0.128149            0.282           0.778
L1.LN_Selic                        0.156464         0.245361            0.638           0.524
L1.LN_IPCA_Resposta                0.621197         1.683190            0.369           0.712
L2.LN_Preco_Barril                -0.424236         0.111925           -3.790           0.000
L2.LN_Cambio                       0.210950         0.299323            0.705           0.481
L2.LN_Combustivel                  0.650592         0.790926            0.823           0.411
L2.LN_Atividade                   -0.287819         0.893297           -0.322           0.747
L2.LN_Expectativa_Inflacao        -0.044722         0.164066           -0.273           0.785
L2.LN_Selic                       -0.016721         0.446032           -0.037           0.970
L2.LN_IPCA_Resposta                0.389654         2.356934            0.165           0.869
L3.LN_Preco_Barril                 0.085039         0.079205            1.074           0.283
L3.LN_Cambio                       0.161253         0.198139            0.814           0.416
L3.LN_Combustivel                 -0.124012         0.535740           -0.231           0.817
L3.LN_Atividade                    0.611850         0.620335            0.986           0.324
L3.LN_Expectativa_Inflacao        -0.009242         0.110812           -0.083           0.934
L3.LN_Selic                       -0.179006         0.249589           -0.717           0.473
L3.LN_IPCA_Resposta               -0.438045         1.652608           -0.265           0.791
=============================================================================================

Results for equation LN_Cambio
=============================================================================================
                                coefficient       std. error           t-stat            prob
---------------------------------------------------------------------------------------------
const                             -0.116803         0.234577           -0.498           0.619
m_2                                0.007907         0.009990            0.792           0.429
m_3                                0.019306         0.010287            1.877           0.061
m_4                               -0.004655         0.010167           -0.458           0.647
m_5                                0.024094         0.010303            2.339           0.019
m_6                                0.004053         0.010672            0.380           0.704
m_7                                0.015687         0.010666            1.471           0.141
m_8                                0.024856         0.010207            2.435           0.015
m_9                                0.015179         0.010417            1.457           0.145
m_10                               0.012417         0.010126            1.226           0.220
m_11                               0.017646         0.009954            1.773           0.076
m_12                               0.014982         0.009983            1.501           0.133
Stringency                         0.000044         0.000229            0.193           0.847
L1.LN_Preco_Barril                -0.080198         0.026111           -3.071           0.002
L1.LN_Cambio                       1.300400         0.066773           19.475           0.000
L1.LN_Combustivel                  0.440000         0.193383            2.275           0.023
L1.LN_Atividade                   -0.048210         0.225196           -0.214           0.830
L1.LN_Expectativa_Inflacao        -0.021126         0.043734           -0.483           0.629
L1.LN_Selic                       -0.039121         0.083735           -0.467           0.640
L1.LN_IPCA_Resposta               -0.575270         0.574427           -1.001           0.317
L2.LN_Preco_Barril                 0.064480         0.038197            1.688           0.091
L2.LN_Cambio                      -0.458689         0.102151           -4.490           0.000
L2.LN_Combustivel                 -0.770592         0.269921           -2.855           0.004
L2.LN_Atividade                    0.148529         0.304858            0.487           0.626
L2.LN_Expectativa_Inflacao         0.048726         0.055991            0.870           0.384
L2.LN_Selic                       -0.033885         0.152218           -0.223           0.824
L2.LN_IPCA_Resposta                1.206975         0.804358            1.501           0.133
L3.LN_Preco_Barril                 0.021270         0.027030            0.787           0.431
L3.LN_Cambio                       0.134665         0.067619            1.992           0.046
L3.LN_Combustivel                  0.368922         0.182833            2.018           0.044
L3.LN_Atividade                   -0.110052         0.211704           -0.520           0.603
L3.LN_Expectativa_Inflacao        -0.009782         0.037817           -0.259           0.796
L3.LN_Selic                        0.063584         0.085178            0.746           0.455
L3.LN_IPCA_Resposta               -0.641855         0.563990           -1.138           0.255
=============================================================================================

Results for equation LN_Combustivel
=============================================================================================
                                coefficient       std. error           t-stat            prob
---------------------------------------------------------------------------------------------
const                              0.199974         0.151296            1.322           0.186
m_2                                0.005847         0.006443            0.907           0.364
m_3                                0.008105         0.006635            1.222           0.222
m_4                               -0.006037         0.006558           -0.921           0.357
m_5                                0.000971         0.006645            0.146           0.884
m_6                               -0.006414         0.006883           -0.932           0.351
m_7                               -0.002859         0.006880           -0.416           0.678
m_8                                0.000206         0.006584            0.031           0.975
m_9                                0.002911         0.006719            0.433           0.665
m_10                               0.006147         0.006531            0.941           0.347
m_11                               0.005375         0.006420            0.837           0.402
m_12                               0.003580         0.006439            0.556           0.578
Stringency                        -0.000199         0.000148           -1.347           0.178
L1.LN_Preco_Barril                 0.042653         0.016841            2.533           0.011
L1.LN_Cambio                       0.055090         0.043067            1.279           0.201
L1.LN_Combustivel                  1.136832         0.124727            9.115           0.000
L1.LN_Atividade                    0.114217         0.145246            0.786           0.432
L1.LN_Expectativa_Inflacao         0.022638         0.028207            0.803           0.422
L1.LN_Selic                        0.065748         0.054007            1.217           0.223
L1.LN_IPCA_Resposta                0.542987         0.370492            1.466           0.143
L2.LN_Preco_Barril                -0.046590         0.024636           -1.891           0.059
L2.LN_Cambio                      -0.078174         0.065885           -1.187           0.235
L2.LN_Combustivel                 -0.269498         0.174093           -1.548           0.122
L2.LN_Atividade                   -0.369000         0.196626           -1.877           0.061
L2.LN_Expectativa_Inflacao        -0.032582         0.036113           -0.902           0.367
L2.LN_Selic                       -0.016536         0.098177           -0.168           0.866
L2.LN_IPCA_Resposta               -0.560356         0.518792           -1.080           0.280
L3.LN_Preco_Barril                 0.001383         0.017434            0.079           0.937
L3.LN_Cambio                       0.040999         0.043613            0.940           0.347
L3.LN_Combustivel                 -0.051098         0.117923           -0.433           0.665
L3.LN_Atividade                    0.180016         0.136544            1.318           0.187
L3.LN_Expectativa_Inflacao         0.006885         0.024391            0.282           0.778
L3.LN_Selic                       -0.066162         0.054938           -1.204           0.228
L3.LN_IPCA_Resposta                0.235518         0.363760            0.647           0.517
=============================================================================================

Results for equation LN_Atividade
=============================================================================================
                                coefficient       std. error           t-stat            prob
---------------------------------------------------------------------------------------------
const                              0.265678         0.076927            3.454           0.001
m_2                                0.000455         0.003276            0.139           0.889
m_3                               -0.008154         0.003374           -2.417           0.016
m_4                               -0.001800         0.003334           -0.540           0.589
m_5                               -0.001612         0.003379           -0.477           0.633
m_6                               -0.000181         0.003500           -0.052           0.959
m_7                               -0.000348         0.003498           -0.099           0.921
m_8                                0.001586         0.003347            0.474           0.636
m_9                                0.001664         0.003416            0.487           0.626
m_10                               0.001715         0.003321            0.516           0.606
m_11                              -0.001825         0.003264           -0.559           0.576
m_12                              -0.000707         0.003274           -0.216           0.829
Stringency                        -0.000112         0.000075           -1.491           0.136
L1.LN_Preco_Barril                 0.041780         0.008563            4.879           0.000
L1.LN_Cambio                      -0.012304         0.021897           -0.562           0.574
L1.LN_Combustivel                 -0.047265         0.063418           -0.745           0.456
L1.LN_Atividade                    0.976399         0.073851           13.221           0.000
L1.LN_Expectativa_Inflacao         0.001989         0.014342            0.139           0.890
L1.LN_Selic                        0.033076         0.027460            1.205           0.228
L1.LN_IPCA_Resposta                0.038805         0.188378            0.206           0.837
L2.LN_Preco_Barril                -0.045754         0.012526           -3.653           0.000
L2.LN_Cambio                       0.000678         0.033499            0.020           0.984
L2.LN_Combustivel                 -0.016963         0.088518           -0.192           0.848
L2.LN_Atividade                   -0.209754         0.099975           -2.098           0.036
L2.LN_Expectativa_Inflacao         0.036431         0.018362            1.984           0.047
L2.LN_Selic                       -0.079616         0.049919           -1.595           0.111
L2.LN_IPCA_Resposta                0.137625         0.263781            0.522           0.602
L3.LN_Preco_Barril                 0.008146         0.008864            0.919           0.358
L3.LN_Cambio                       0.000359         0.022175            0.016           0.987
L3.LN_Combustivel                  0.012382         0.059958            0.207           0.836
L3.LN_Atividade                    0.113075         0.069426            1.629           0.103
L3.LN_Expectativa_Inflacao        -0.030591         0.012402           -2.467           0.014
L3.LN_Selic                        0.038247         0.027933            1.369           0.171
L3.LN_IPCA_Resposta               -0.069298         0.184955           -0.375           0.708
=============================================================================================

Results for equation LN_Expectativa_Inflacao
=============================================================================================
                                coefficient       std. error           t-stat            prob
---------------------------------------------------------------------------------------------
const                             -0.487933         0.408190           -1.195           0.232
m_2                               -0.008915         0.017383           -0.513           0.608
m_3                               -0.018473         0.017901           -1.032           0.302
m_4                               -0.037829         0.017692           -2.138           0.032
m_5                               -0.003144         0.017929           -0.175           0.861
m_6                               -0.043080         0.018570           -2.320           0.020
m_7                               -0.029989         0.018561           -1.616           0.106
m_8                               -0.023349         0.017762           -1.315           0.189
m_9                               -0.012596         0.018127           -0.695           0.487
m_10                              -0.002848         0.017620           -0.162           0.872
m_11                              -0.001777         0.017322           -0.103           0.918
m_12                              -0.002009         0.017371           -0.116           0.908
Stringency                         0.000538         0.000398            1.352           0.176
L1.LN_Preco_Barril                 0.155757         0.045436            3.428           0.001
L1.LN_Cambio                       0.370737         0.116192            3.191           0.001
L1.LN_Combustivel                 -0.202867         0.336507           -0.603           0.547
L1.LN_Atividade                    1.124286         0.391867            2.869           0.004
L1.LN_Expectativa_Inflacao         0.941684         0.076102           12.374           0.000
L1.LN_Selic                        0.364463         0.145709            2.501           0.012
L1.LN_IPCA_Resposta               -1.631941         0.999567           -1.633           0.103
L2.LN_Preco_Barril                -0.210777         0.066467           -3.171           0.002
L2.LN_Cambio                      -0.383498         0.177754           -2.157           0.031
L2.LN_Combustivel                  0.599630         0.469694            1.277           0.202
L2.LN_Atividade                   -0.764205         0.530487           -1.441           0.150
L2.LN_Expectativa_Inflacao        -0.111318         0.097431           -1.143           0.253
L2.LN_Selic                       -0.304859         0.264877           -1.151           0.250
L2.LN_IPCA_Resposta                0.349663         1.399672            0.250           0.803
L3.LN_Preco_Barril                 0.071983         0.047036            1.530           0.126
L3.LN_Cambio                       0.124849         0.117665            1.061           0.289
L3.LN_Combustivel                 -0.481843         0.318151           -1.515           0.130
L3.LN_Atividade                    0.033276         0.368388            0.090           0.928
L3.LN_Expectativa_Inflacao         0.041737         0.065806            0.634           0.526
L3.LN_Selic                       -0.038029         0.148219           -0.257           0.798
L3.LN_IPCA_Resposta                1.110753         0.981406            1.132           0.258
=============================================================================================

Results for equation LN_Selic
=============================================================================================
                                coefficient       std. error           t-stat            prob
---------------------------------------------------------------------------------------------
const                              0.034339         0.178340            0.193           0.847
m_2                                0.007789         0.007595            1.026           0.305
m_3                                0.004954         0.007821            0.633           0.526
m_4                               -0.001859         0.007730           -0.241           0.810
m_5                                0.008717         0.007833            1.113           0.266
m_6                               -0.000138         0.008113           -0.017           0.986
m_7                               -0.002049         0.008109           -0.253           0.801
m_8                               -0.000495         0.007760           -0.064           0.949
m_9                               -0.003007         0.007920           -0.380           0.704
m_10                               0.004531         0.007698            0.589           0.556
m_11                               0.000684         0.007568            0.090           0.928
m_12                               0.001884         0.007590            0.248           0.804
Stringency                        -0.000092         0.000174           -0.526           0.599
L1.LN_Preco_Barril                 0.048515         0.019851            2.444           0.015
L1.LN_Cambio                       0.079882         0.050765            1.574           0.116
L1.LN_Combustivel                 -0.112719         0.147022           -0.767           0.443
L1.LN_Atividade                    0.157807         0.171209            0.922           0.357
L1.LN_Expectativa_Inflacao         0.000922         0.033249            0.028           0.978
L1.LN_Selic                        1.532463         0.063661           24.072           0.000
L1.LN_IPCA_Resposta                0.558856         0.436716            1.280           0.201
L2.LN_Preco_Barril                -0.027813         0.029040           -0.958           0.338
L2.LN_Cambio                      -0.076166         0.077662           -0.981           0.327
L2.LN_Combustivel                  0.454134         0.205212            2.213           0.027
L2.LN_Atividade                    0.146456         0.231773            0.632           0.527
L2.LN_Expectativa_Inflacao         0.023273         0.042568            0.547           0.585
L2.LN_Selic                       -0.278317         0.115726           -2.405           0.016
L2.LN_IPCA_Resposta               -1.391228         0.611525           -2.275           0.023
L3.LN_Preco_Barril                 0.000949         0.020550            0.046           0.963
L3.LN_Cambio                       0.035314         0.051409            0.687           0.492
L3.LN_Combustivel                 -0.332570         0.139002           -2.393           0.017
L3.LN_Atividade                   -0.266009         0.160951           -1.653           0.098
L3.LN_Expectativa_Inflacao        -0.013215         0.028751           -0.460           0.646
L3.LN_Selic                       -0.267343         0.064758           -4.128           0.000
L3.LN_IPCA_Resposta                0.759312         0.428782            1.771           0.077
=============================================================================================

Results for equation LN_IPCA_Resposta
=============================================================================================
                                coefficient       std. error           t-stat            prob
---------------------------------------------------------------------------------------------
const                              0.058786         0.052278            1.124           0.261
m_2                               -0.001907         0.002226           -0.857           0.392
m_3                               -0.001137         0.002293           -0.496           0.620
m_4                               -0.006202         0.002266           -2.737           0.006
m_5                               -0.006275         0.002296           -2.733           0.006
m_6                               -0.007741         0.002378           -3.255           0.001
m_7                               -0.005017         0.002377           -2.111           0.035
m_8                               -0.006460         0.002275           -2.840           0.005
m_9                               -0.002506         0.002322           -1.079           0.280
m_10                              -0.000911         0.002257           -0.404           0.686
m_11                              -0.001509         0.002218           -0.680           0.496
m_12                               0.000677         0.002225            0.304           0.761
Stringency                        -0.000023         0.000051           -0.452           0.651
L1.LN_Preco_Barril                 0.012686         0.005819            2.180           0.029
L1.LN_Cambio                       0.021989         0.014881            1.478           0.139
L1.LN_Combustivel                  0.050296         0.043098            1.167           0.243
L1.LN_Atividade                    0.044755         0.050188            0.892           0.373
L1.LN_Expectativa_Inflacao         0.018732         0.009747            1.922           0.055
L1.LN_Selic                        0.032311         0.018661            1.731           0.083
L1.LN_IPCA_Resposta                1.108482         0.128018            8.659           0.000
L2.LN_Preco_Barril                -0.012770         0.008513           -1.500           0.134
L2.LN_Cambio                      -0.042714         0.022766           -1.876           0.061
L2.LN_Combustivel                 -0.041065         0.060155           -0.683           0.495
L2.LN_Atividade                   -0.087647         0.067941           -1.290           0.197
L2.LN_Expectativa_Inflacao        -0.019425         0.012478           -1.557           0.120
L2.LN_Selic                       -0.008816         0.033924           -0.260           0.795
L2.LN_IPCA_Resposta               -0.224056         0.179261           -1.250           0.211
L3.LN_Preco_Barril                -0.000906         0.006024           -0.150           0.880
L3.LN_Cambio                       0.028665         0.015070            1.902           0.057
L3.LN_Combustivel                 -0.042022         0.040747           -1.031           0.302
L3.LN_Atividade                    0.033320         0.047181            0.706           0.480
L3.LN_Expectativa_Inflacao         0.000550         0.008428            0.065           0.948
L3.LN_Selic                       -0.026310         0.018983           -1.386           0.166
L3.LN_IPCA_Resposta                0.147203         0.125692            1.171           0.242
=============================================================================================

Correlation matrix of residuals
                           LN_Preco_Barril  LN_Cambio  LN_Combustivel  LN_Atividade  LN_Expectativa_Inflacao  LN_Selic  LN_IPCA_Resposta
LN_Preco_Barril                   1.000000  -0.261691        0.263997      0.428428                 0.257407 -0.055715          0.241197
LN_Cambio                        -0.261691   1.000000       -0.012187     -0.209146                 0.017781 -0.023887         -0.030714
LN_Combustivel                    0.263997  -0.012187        1.000000      0.008376                 0.392289  0.104105          0.851407
LN_Atividade                      0.428428  -0.209146        0.008376      1.000000                 0.268373 -0.026681          0.063717
LN_Expectativa_Inflacao           0.257407   0.017781        0.392289      0.268373                 1.000000  0.127986          0.462318
LN_Selic                         -0.055715  -0.023887        0.104105     -0.026681                 0.127986  1.000000          0.154089
LN_IPCA_Resposta                  0.241197  -0.030714        0.851407      0.063717                 0.462318  0.154089          1.000000


