  Summary of Regression Results   
==================================
Model:                         VAR
Method:                        OLS
Date:           Sat, 23, May, 2026
Time:                     14:21:09
--------------------------------------------------------------------
No. of Equations:         8.00000    BIC:                   -58.1796
Nobs:                     270.000    HQIC:                  -60.0300
Log likelihood:           5438.76    FPE:                2.47160e-27
AIC:                     -61.2716    Det(Omega_mle):     1.09274e-27
--------------------------------------------------------------------
Results for equation DLN_Preco_Barril_Pos
===============================================================================================
                                  coefficient       std. error           t-stat            prob
-----------------------------------------------------------------------------------------------
const                                0.027694         0.023634            1.172           0.241
m_2                                 -0.014786         0.014506           -1.019           0.308
m_3                                  0.010115         0.014221            0.711           0.477
m_4                                 -0.005236         0.014717           -0.356           0.722
m_5                                 -0.001893         0.014581           -0.130           0.897
m_6                                 -0.005428         0.014703           -0.369           0.712
m_7                                 -0.022160         0.014918           -1.485           0.137
m_8                                 -0.014214         0.014790           -0.961           0.337
m_9                                 -0.012423         0.014848           -0.837           0.403
m_10                                -0.004097         0.014534           -0.282           0.778
m_11                                -0.017446         0.014196           -1.229           0.219
m_12                                -0.011391         0.014370           -0.793           0.428
Stringency                           0.000764         0.000271            2.815           0.005
L1.DLN_Preco_Barril_Pos              0.016291         0.074309            0.219           0.826
L1.DLN_Preco_Barril_Neg_Real         0.089698         0.060642            1.479           0.139
L1.DLN_Cambio                       -0.232442         0.094785           -2.452           0.014
L1.DLN_Combustivel                  -0.255479         0.167164           -1.528           0.126
L1.DLN_Atividade                    -0.751502         0.308678           -2.435           0.015
L1.DLN_Expectativa_Inflacao          0.018320         0.072789            0.252           0.801
L1.LN_Selic                         -0.110493         0.075827           -1.457           0.145
L1.DLN_IPCA_Resposta                -1.106298         1.530738           -0.723           0.470
L2.DLN_Preco_Barril_Pos              0.133862         0.067630            1.979           0.048
L2.DLN_Preco_Barril_Neg_Real        -0.240793         0.061602           -3.909           0.000
L2.DLN_Cambio                       -0.032801         0.093675           -0.350           0.726
L2.DLN_Combustivel                  -0.050196         0.157884           -0.318           0.751
L2.DLN_Atividade                    -0.493837         0.313147           -1.577           0.115
L2.DLN_Expectativa_Inflacao         -0.041712         0.053577           -0.779           0.436
L2.LN_Selic                          0.111888         0.077092            1.451           0.147
L2.DLN_IPCA_Resposta                 1.567971         1.618096            0.969           0.333
===============================================================================================

Results for equation DLN_Preco_Barril_Neg_Real
===============================================================================================
                                  coefficient       std. error           t-stat            prob
-----------------------------------------------------------------------------------------------
const                                0.029422         0.031632            0.930           0.352
m_2                                  0.005737         0.019415            0.296           0.768
m_3                                 -0.027906         0.019033           -1.466           0.143
m_4                                 -0.009422         0.019697           -0.478           0.632
m_5                                  0.000146         0.019515            0.007           0.994
m_6                                 -0.002590         0.019679           -0.132           0.895
m_7                                  0.004935         0.019967            0.247           0.805
m_8                                 -0.027085         0.019795           -1.368           0.171
m_9                                  0.001879         0.019874            0.095           0.925
m_10                                -0.004013         0.019453           -0.206           0.837
m_11                                -0.030216         0.019001           -1.590           0.112
m_12                                -0.015309         0.019233           -0.796           0.426
Stringency                          -0.000455         0.000363           -1.252           0.210
L1.DLN_Preco_Barril_Pos             -0.157304         0.099458           -1.582           0.114
L1.DLN_Preco_Barril_Neg_Real         0.566498         0.081165            6.980           0.000
L1.DLN_Cambio                       -0.239040         0.126864           -1.884           0.060
L1.DLN_Combustivel                  -0.131762         0.223738           -0.589           0.556
L1.DLN_Atividade                    -0.083913         0.413145           -0.203           0.839
L1.DLN_Expectativa_Inflacao         -0.104563         0.097423           -1.073           0.283
L1.LN_Selic                          0.084557         0.101490            0.833           0.405
L1.DLN_IPCA_Resposta                 2.187077         2.048790            1.067           0.286
L2.DLN_Preco_Barril_Pos              0.141062         0.090518            1.558           0.119
L2.DLN_Preco_Barril_Neg_Real        -0.279171         0.082450           -3.386           0.001
L2.DLN_Cambio                       -0.214153         0.125377           -1.708           0.088
L2.DLN_Combustivel                  -0.125197         0.211317           -0.592           0.554
L2.DLN_Atividade                    -0.212723         0.419127           -0.508           0.612
L2.DLN_Expectativa_Inflacao          0.036450         0.071710            0.508           0.611
L2.LN_Selic                         -0.100828         0.103183           -0.977           0.328
L2.DLN_IPCA_Resposta                -2.346831         2.165713           -1.084           0.279
===============================================================================================

Results for equation DLN_Cambio
===============================================================================================
                                  coefficient       std. error           t-stat            prob
-----------------------------------------------------------------------------------------------
const                                0.014751         0.016818            0.877           0.380
m_2                                  0.012650         0.010323            1.225           0.220
m_3                                  0.026766         0.010120            2.645           0.008
m_4                                  0.000236         0.010473            0.023           0.982
m_5                                  0.027284         0.010376            2.630           0.009
m_6                                  0.010959         0.010463            1.047           0.295
m_7                                  0.018994         0.010616            1.789           0.074
m_8                                  0.029149         0.010525            2.770           0.006
m_9                                  0.021844         0.010566            2.067           0.039
m_10                                 0.013581         0.010343            1.313           0.189
m_11                                 0.021420         0.010102            2.120           0.034
m_12                                 0.020494         0.010226            2.004           0.045
Stringency                          -0.000196         0.000193           -1.015           0.310
L1.DLN_Preco_Barril_Pos             -0.027922         0.052880           -0.528           0.597
L1.DLN_Preco_Barril_Neg_Real        -0.094499         0.043154           -2.190           0.029
L1.DLN_Cambio                        0.334228         0.067451            4.955           0.000
L1.DLN_Combustivel                   0.038180         0.118957            0.321           0.748
L1.DLN_Atividade                    -0.073577         0.219661           -0.335           0.738
L1.DLN_Expectativa_Inflacao         -0.048568         0.051798           -0.938           0.348
L1.LN_Selic                         -0.012009         0.053960           -0.223           0.824
L1.DLN_IPCA_Resposta                 1.278910         1.089300            1.174           0.240
L2.DLN_Preco_Barril_Pos             -0.027709         0.048127           -0.576           0.565
L2.DLN_Preco_Barril_Neg_Real        -0.003911         0.043837           -0.089           0.929
L2.DLN_Cambio                       -0.134499         0.066660           -2.018           0.044
L2.DLN_Combustivel                   0.011660         0.112353            0.104           0.917
L2.DLN_Atividade                     0.176706         0.222841            0.793           0.428
L2.DLN_Expectativa_Inflacao          0.026166         0.038127            0.686           0.493
L2.LN_Selic                         -0.001307         0.054860           -0.024           0.981
L2.DLN_IPCA_Resposta                -1.203018         1.151466           -1.045           0.296
===============================================================================================

Results for equation DLN_Combustivel
===============================================================================================
                                  coefficient       std. error           t-stat            prob
-----------------------------------------------------------------------------------------------
const                                0.008185         0.009856            0.830           0.406
m_2                                  0.001584         0.006049            0.262           0.793
m_3                                 -0.000369         0.005930           -0.062           0.950
m_4                                 -0.008663         0.006137           -1.412           0.158
m_5                                 -0.000372         0.006081           -0.061           0.951
m_6                                 -0.014233         0.006131           -2.321           0.020
m_7                                 -0.000619         0.006221           -0.099           0.921
m_8                                  0.000085         0.006168            0.014           0.989
m_9                                  0.004476         0.006192            0.723           0.470
m_10                                 0.001157         0.006061            0.191           0.849
m_11                                 0.002082         0.005920            0.352           0.725
m_12                                -0.000133         0.005993           -0.022           0.982
Stringency                           0.000007         0.000113            0.062           0.951
L1.DLN_Preco_Barril_Pos              0.045581         0.030989            1.471           0.141
L1.DLN_Preco_Barril_Neg_Real         0.040311         0.025289            1.594           0.111
L1.DLN_Cambio                        0.073030         0.039528            1.848           0.065
L1.DLN_Combustivel                   0.361627         0.069712            5.187           0.000
L1.DLN_Atividade                     0.279555         0.128727            2.172           0.030
L1.DLN_Expectativa_Inflacao          0.017794         0.030355            0.586           0.558
L1.LN_Selic                          0.069998         0.031622            2.214           0.027
L1.DLN_IPCA_Resposta                 0.525976         0.638361            0.824           0.410
L2.DLN_Preco_Barril_Pos              0.041001         0.028204            1.454           0.146
L2.DLN_Preco_Barril_Neg_Real        -0.001026         0.025690           -0.040           0.968
L2.DLN_Cambio                       -0.013372         0.039065           -0.342           0.732
L2.DLN_Combustivel                  -0.122096         0.065842           -1.854           0.064
L2.DLN_Atividade                    -0.172058         0.130591           -1.318           0.188
L2.DLN_Expectativa_Inflacao         -0.016322         0.022343           -0.731           0.465
L2.LN_Selic                         -0.073358         0.032150           -2.282           0.023
L2.DLN_IPCA_Resposta                 0.105943         0.674792            0.157           0.875
===============================================================================================

Results for equation DLN_Atividade
===============================================================================================
                                  coefficient       std. error           t-stat            prob
-----------------------------------------------------------------------------------------------
const                                0.002908         0.005364            0.542           0.588
m_2                                  0.001171         0.003292            0.356           0.722
m_3                                 -0.008636         0.003228           -2.676           0.007
m_4                                 -0.000163         0.003340           -0.049           0.961
m_5                                 -0.001660         0.003309           -0.502           0.616
m_6                                  0.000084         0.003337            0.025           0.980
m_7                                 -0.001812         0.003386           -0.535           0.593
m_8                                 -0.000578         0.003357           -0.172           0.863
m_9                                  0.001308         0.003370            0.388           0.698
m_10                                -0.000733         0.003299           -0.222           0.824
m_11                                -0.002071         0.003222           -0.643           0.520
m_12                                -0.000935         0.003261           -0.287           0.774
Stringency                          -0.000004         0.000062           -0.070           0.944
L1.DLN_Preco_Barril_Pos              0.002344         0.016865            0.139           0.889
L1.DLN_Preco_Barril_Neg_Real         0.075244         0.013763            5.467           0.000
L1.DLN_Cambio                       -0.008964         0.021512           -0.417           0.677
L1.DLN_Combustivel                   0.006746         0.037939            0.178           0.859
L1.DLN_Atividade                     0.045121         0.070057            0.644           0.520
L1.DLN_Expectativa_Inflacao         -0.018556         0.016520           -1.123           0.261
L1.LN_Selic                         -0.008845         0.017210           -0.514           0.607
L1.DLN_IPCA_Resposta                -0.042982         0.347415           -0.124           0.902
L2.DLN_Preco_Barril_Pos              0.041290         0.015349            2.690           0.007
L2.DLN_Preco_Barril_Neg_Real        -0.051842         0.013981           -3.708           0.000
L2.DLN_Cambio                       -0.012846         0.021260           -0.604           0.546
L2.DLN_Combustivel                   0.016092         0.035833            0.449           0.653
L2.DLN_Atividade                    -0.083183         0.071072           -1.170           0.242
L2.DLN_Expectativa_Inflacao          0.037182         0.012160            3.058           0.002
L2.LN_Selic                          0.009455         0.017497            0.540           0.589
L2.DLN_IPCA_Resposta                -0.468213         0.367242           -1.275           0.202
===============================================================================================

Results for equation DLN_Expectativa_Inflacao
===============================================================================================
                                  coefficient       std. error           t-stat            prob
-----------------------------------------------------------------------------------------------
const                                0.103017         0.028396            3.628           0.000
m_2                                 -0.024128         0.017429           -1.384           0.166
m_3                                 -0.015145         0.017086           -0.886           0.375
m_4                                 -0.044837         0.017682           -2.536           0.011
m_5                                 -0.001445         0.017519           -0.082           0.934
m_6                                 -0.050232         0.017665           -2.844           0.004
m_7                                 -0.037761         0.017924           -2.107           0.035
m_8                                 -0.035231         0.017770           -1.983           0.047
m_9                                 -0.031413         0.017840           -1.761           0.078
m_10                                -0.009348         0.017462           -0.535           0.592
m_11                                -0.006776         0.017057           -0.397           0.691
m_12                                -0.016374         0.017265           -0.948           0.343
Stringency                          -0.000133         0.000326           -0.408           0.683
L1.DLN_Preco_Barril_Pos              0.155827         0.089282            1.745           0.081
L1.DLN_Preco_Barril_Neg_Real         0.008842         0.072860            0.121           0.903
L1.DLN_Cambio                        0.247724         0.113883            2.175           0.030
L1.DLN_Combustivel                   0.237716         0.200845            1.184           0.237
L1.DLN_Atividade                     1.169009         0.370872            3.152           0.002
L1.DLN_Expectativa_Inflacao          0.196301         0.087455            2.245           0.025
L1.LN_Selic                          0.262081         0.091106            2.877           0.004
L1.DLN_IPCA_Resposta               -10.583821         1.839158           -5.755           0.000
L2.DLN_Preco_Barril_Pos             -0.102973         0.081257           -1.267           0.205
L2.DLN_Preco_Barril_Neg_Real        -0.043288         0.074014           -0.585           0.559
L2.DLN_Cambio                       -0.106398         0.112548           -0.945           0.344
L2.DLN_Combustivel                  -0.247464         0.189695           -1.305           0.192
L2.DLN_Atividade                    -0.084330         0.376242           -0.224           0.823
L2.DLN_Expectativa_Inflacao         -0.047318         0.064372           -0.735           0.462
L2.LN_Selic                         -0.284471         0.092625           -3.071           0.002
L2.DLN_IPCA_Resposta                 3.246280         1.944117            1.670           0.095
===============================================================================================

Results for equation LN_Selic
===============================================================================================
                                  coefficient       std. error           t-stat            prob
-----------------------------------------------------------------------------------------------
const                                0.009645         0.012990            0.743           0.458
m_2                                  0.001479         0.007973            0.186           0.853
m_3                                 -0.001882         0.007816           -0.241           0.810
m_4                                 -0.007905         0.008089           -0.977           0.328
m_5                                  0.006446         0.008014            0.804           0.421
m_6                                 -0.006828         0.008081           -0.845           0.398
m_7                                  0.000612         0.008200            0.075           0.940
m_8                                  0.002779         0.008129            0.342           0.732
m_9                                 -0.005260         0.008161           -0.644           0.519
m_10                                 0.010843         0.007988            1.357           0.175
m_11                                -0.002078         0.007803           -0.266           0.790
m_12                                -0.001339         0.007898           -0.170           0.865
Stringency                           0.000076         0.000149            0.509           0.611
L1.DLN_Preco_Barril_Pos              0.040618         0.040843            0.994           0.320
L1.DLN_Preco_Barril_Neg_Real         0.018615         0.033331            0.558           0.577
L1.DLN_Cambio                        0.065379         0.052098            1.255           0.210
L1.DLN_Combustivel                   0.049531         0.091880            0.539           0.590
L1.DLN_Atividade                     0.145274         0.169661            0.856           0.392
L1.DLN_Expectativa_Inflacao          0.073829         0.040007            1.845           0.065
L1.LN_Selic                          1.734472         0.041678           41.616           0.000
L1.DLN_IPCA_Resposta                -0.560544         0.841351           -0.666           0.505
L2.DLN_Preco_Barril_Pos             -0.079823         0.037172           -2.147           0.032
L2.DLN_Preco_Barril_Neg_Real         0.065553         0.033859            1.936           0.053
L2.DLN_Cambio                       -0.028700         0.051487           -0.557           0.577
L2.DLN_Combustivel                   0.046589         0.086779            0.537           0.591
L2.DLN_Atividade                     0.071588         0.172117            0.416           0.677
L2.DLN_Expectativa_Inflacao          0.003281         0.029448            0.111           0.911
L2.LN_Selic                         -0.741446         0.042373          -17.498           0.000
L2.DLN_IPCA_Resposta                 2.610766         0.889366            2.936           0.003
===============================================================================================

Results for equation DLN_IPCA_Resposta
===============================================================================================
                                  coefficient       std. error           t-stat            prob
-----------------------------------------------------------------------------------------------
const                                0.002582         0.001267            2.037           0.042
m_2                                  0.000659         0.000778            0.847           0.397
m_3                                 -0.000429         0.000763           -0.563           0.573
m_4                                 -0.000966         0.000789           -1.224           0.221
m_5                                 -0.000942         0.000782           -1.205           0.228
m_6                                 -0.002800         0.000788           -3.551           0.000
m_7                                 -0.001790         0.000800           -2.238           0.025
m_8                                 -0.002226         0.000793           -2.807           0.005
m_9                                 -0.000650         0.000796           -0.816           0.414
m_10                                 0.000463         0.000779            0.594           0.552
m_11                                -0.000474         0.000761           -0.623           0.533
m_12                                 0.000872         0.000771            1.132           0.258
Stringency                           0.000010         0.000015            0.719           0.472
L1.DLN_Preco_Barril_Pos              0.006556         0.003985            1.645           0.100
L1.DLN_Preco_Barril_Neg_Real         0.000008         0.003252            0.002           0.998
L1.DLN_Cambio                        0.003095         0.005083            0.609           0.543
L1.DLN_Combustivel                   0.007647         0.008964            0.853           0.394
L1.DLN_Atividade                     0.021349         0.016552            1.290           0.197
L1.DLN_Expectativa_Inflacao          0.013245         0.003903            3.393           0.001
L1.LN_Selic                          0.008963         0.004066            2.204           0.027
L1.DLN_IPCA_Resposta                 0.220773         0.082083            2.690           0.007
L2.DLN_Preco_Barril_Pos             -0.003357         0.003627           -0.926           0.355
L2.DLN_Preco_Barril_Neg_Real         0.000581         0.003303            0.176           0.860
L2.DLN_Cambio                       -0.003863         0.005023           -0.769           0.442
L2.DLN_Combustivel                  -0.014861         0.008466           -1.755           0.079
L2.DLN_Atividade                    -0.011549         0.016792           -0.688           0.492
L2.DLN_Expectativa_Inflacao          0.000281         0.002873            0.098           0.922
L2.LN_Selic                         -0.008750         0.004134           -2.117           0.034
L2.DLN_IPCA_Resposta                 0.237433         0.086767            2.736           0.006
===============================================================================================

Correlation matrix of residuals
                             DLN_Preco_Barril_Pos  DLN_Preco_Barril_Neg_Real  DLN_Cambio  DLN_Combustivel  DLN_Atividade  DLN_Expectativa_Inflacao  LN_Selic  DLN_IPCA_Resposta
DLN_Preco_Barril_Pos                     1.000000                   0.450612   -0.198850         0.311638       0.197018                  0.209318 -0.123570           0.128395
DLN_Preco_Barril_Neg_Real                0.450612                   1.000000   -0.271123         0.175444       0.422333                  0.315381  0.005031           0.139609
DLN_Cambio                              -0.198850                  -0.271123    1.000000         0.035363      -0.201818                 -0.006240 -0.034826          -0.086522
DLN_Combustivel                          0.311638                   0.175444    0.035363         1.000000      -0.054989                  0.229618  0.110434           0.195975
DLN_Atividade                            0.197018                   0.422333   -0.201818        -0.054989       1.000000                  0.271876 -0.036387           0.117170
DLN_Expectativa_Inflacao                 0.209318                   0.315381   -0.006240         0.229618       0.271876                  1.000000  0.115466           0.620639
LN_Selic                                -0.123570                   0.005031   -0.034826         0.110434      -0.036387                  0.115466  1.000000           0.091213
DLN_IPCA_Resposta                        0.128395                   0.139609   -0.086522         0.195975       0.117170                  0.620639  0.091213           1.000000


