  Summary of Regression Results   
==================================
Model:                         VAR
Method:                        OLS
Date:           Sat, 23, May, 2026
Time:                     14:21:08
--------------------------------------------------------------------
No. of Equations:         8.00000    BIC:                   -58.1962
Nobs:                     270.000    HQIC:                  -60.0465
Log likelihood:           5440.99    FPE:                2.43102e-27
AIC:                     -61.2881    Det(Omega_mle):     1.07480e-27
--------------------------------------------------------------------
Results for equation DLN_Preco_Barril_Pos
===============================================================================================
                                  coefficient       std. error           t-stat            prob
-----------------------------------------------------------------------------------------------
const                                0.026113         0.023813            1.097           0.273
m_2                                 -0.013081         0.014492           -0.903           0.367
m_3                                  0.012215         0.014259            0.857           0.392
m_4                                 -0.001273         0.014740           -0.086           0.931
m_5                                 -0.000677         0.014519           -0.047           0.963
m_6                                 -0.002715         0.014670           -0.185           0.853
m_7                                 -0.017881         0.014814           -1.207           0.227
m_8                                 -0.011882         0.014706           -0.808           0.419
m_9                                 -0.009412         0.014910           -0.631           0.528
m_10                                -0.004650         0.014472           -0.321           0.748
m_11                                -0.016105         0.014189           -1.135           0.256
m_12                                -0.008515         0.014409           -0.591           0.555
Stringency                           0.000735         0.000273            2.689           0.007
L1.DLN_Preco_Barril_Pos              0.020133         0.072045            0.279           0.780
L1.DLN_Preco_Barril_Neg_Real         0.105118         0.060869            1.727           0.084
L1.DLN_Cambio                       -0.236163         0.094589           -2.497           0.013
L1.DLN_Combustivel                  -0.336571         0.163023           -2.065           0.039
L1.DLN_Atividade                    -0.775724         0.306226           -2.533           0.011
L1.DLN_Expectativa_Inflacao          0.017328         0.072927            0.238           0.812
L1.LN_Selic                         -0.144647         0.073988           -1.955           0.051
L1.DLN_IPCA_Resposta                -0.009770         1.651197           -0.006           0.995
L2.DLN_Preco_Barril_Pos              0.122139         0.067127            1.820           0.069
L2.DLN_Preco_Barril_Neg_Real        -0.254908         0.061449           -4.148           0.000
L2.DLN_Cambio                       -0.041601         0.093091           -0.447           0.655
L2.DLN_Combustivel                   0.158747         0.162752            0.975           0.329
L2.DLN_Atividade                    -0.505047         0.306762           -1.646           0.100
L2.DLN_Expectativa_Inflacao         -0.044166         0.053409           -0.827           0.408
L2.LN_Selic                          0.145447         0.075132            1.936           0.053
L2.DLN_IPCA_Resposta                 0.589448         1.689089            0.349           0.727
===============================================================================================

Results for equation DLN_Preco_Barril_Neg_Real
===============================================================================================
                                  coefficient       std. error           t-stat            prob
-----------------------------------------------------------------------------------------------
const                                0.029198         0.031965            0.913           0.361
m_2                                  0.006738         0.019453            0.346           0.729
m_3                                 -0.026857         0.019140           -1.403           0.161
m_4                                 -0.007392         0.019786           -0.374           0.709
m_5                                  0.001004         0.019490            0.052           0.959
m_6                                 -0.000799         0.019692           -0.041           0.968
m_7                                  0.007255         0.019886            0.365           0.715
m_8                                 -0.025160         0.019740           -1.275           0.202
m_9                                  0.003535         0.020015            0.177           0.860
m_10                                -0.004437         0.019426           -0.228           0.819
m_11                                -0.029972         0.019047           -1.574           0.116
m_12                                -0.013582         0.019342           -0.702           0.483
Stringency                          -0.000488         0.000367           -1.330           0.183
L1.DLN_Preco_Barril_Pos             -0.151990         0.096710           -1.572           0.116
L1.DLN_Preco_Barril_Neg_Real         0.577269         0.081708            7.065           0.000
L1.DLN_Cambio                       -0.236613         0.126971           -1.864           0.062
L1.DLN_Combustivel                  -0.178555         0.218833           -0.816           0.415
L1.DLN_Atividade                    -0.103292         0.411061           -0.251           0.802
L1.DLN_Expectativa_Inflacao         -0.110673         0.097894           -1.131           0.258
L1.LN_Selic                          0.057960         0.099317            0.584           0.560
L1.DLN_IPCA_Resposta                 2.842678         2.216474            1.283           0.200
L2.DLN_Preco_Barril_Pos              0.133067         0.090108            1.477           0.140
L2.DLN_Preco_Barril_Neg_Real        -0.287185         0.082485           -3.482           0.000
L2.DLN_Cambio                       -0.217428         0.124960           -1.740           0.082
L2.DLN_Combustivel                   0.018554         0.218470            0.085           0.932
L2.DLN_Atividade                    -0.202434         0.411781           -0.492           0.623
L2.DLN_Expectativa_Inflacao          0.034111         0.071693            0.476           0.634
L2.LN_Selic                         -0.075125         0.100853           -0.745           0.456
L2.DLN_IPCA_Resposta                -2.831320         2.267339           -1.249           0.212
===============================================================================================

Results for equation DLN_Cambio
===============================================================================================
                                  coefficient       std. error           t-stat            prob
-----------------------------------------------------------------------------------------------
const                                0.017813         0.016817            1.059           0.289
m_2                                  0.011319         0.010234            1.106           0.269
m_3                                  0.024562         0.010069            2.439           0.015
m_4                                 -0.002252         0.010409           -0.216           0.829
m_5                                  0.027308         0.010253            2.663           0.008
m_6                                  0.009150         0.010360            0.883           0.377
m_7                                  0.017219         0.010462            1.646           0.100
m_8                                  0.027335         0.010385            2.632           0.008
m_9                                  0.018979         0.010529            1.802           0.071
m_10                                 0.012907         0.010220            1.263           0.207
m_11                                 0.020053         0.010020            2.001           0.045
m_12                                 0.018162         0.010176            1.785           0.074
Stringency                          -0.000192         0.000193           -0.997           0.319
L1.DLN_Preco_Barril_Pos             -0.047188         0.050878           -0.927           0.354
L1.DLN_Preco_Barril_Neg_Real        -0.107160         0.042986           -2.493           0.013
L1.DLN_Cambio                        0.334035         0.066798            5.001           0.000
L1.DLN_Combustivel                   0.226090         0.115126            1.964           0.050
L1.DLN_Atividade                    -0.016826         0.216255           -0.078           0.938
L1.DLN_Expectativa_Inflacao         -0.059200         0.051501           -1.149           0.250
L1.LN_Selic                         -0.004445         0.052250           -0.085           0.932
L1.DLN_IPCA_Resposta                 0.546756         1.166063            0.469           0.639
L2.DLN_Preco_Barril_Pos             -0.025833         0.047405           -0.545           0.586
L2.DLN_Preco_Barril_Neg_Real         0.002368         0.043395            0.055           0.956
L2.DLN_Cambio                       -0.134750         0.065740           -2.050           0.040
L2.DLN_Combustivel                  -0.195512         0.114935           -1.701           0.089
L2.DLN_Atividade                     0.146290         0.216633            0.675           0.499
L2.DLN_Expectativa_Inflacao          0.025320         0.037717            0.671           0.502
L2.LN_Selic                         -0.009416         0.053058           -0.177           0.859
L2.DLN_IPCA_Resposta                -0.420935         1.192823           -0.353           0.724
===============================================================================================

Results for equation DLN_Combustivel
===============================================================================================
                                  coefficient       std. error           t-stat            prob
-----------------------------------------------------------------------------------------------
const                                0.019469         0.011290            1.724           0.085
m_2                                  0.005053         0.006871            0.735           0.462
m_3                                  0.005600         0.006760            0.828           0.407
m_4                                 -0.006898         0.006988           -0.987           0.324
m_5                                 -0.000811         0.006883           -0.118           0.906
m_6                                 -0.009861         0.006955           -1.418           0.156
m_7                                 -0.004163         0.007023           -0.593           0.553
m_8                                 -0.000685         0.006972           -0.098           0.922
m_9                                  0.001546         0.007069            0.219           0.827
m_10                                 0.005734         0.006861            0.836           0.403
m_11                                 0.004234         0.006727            0.629           0.529
m_12                                 0.002169         0.006831            0.318           0.751
Stringency                          -0.000137         0.000130           -1.061           0.289
L1.DLN_Preco_Barril_Pos              0.032197         0.034157            0.943           0.346
L1.DLN_Preco_Barril_Neg_Real         0.048304         0.028858            1.674           0.094
L1.DLN_Cambio                        0.037114         0.044844            0.828           0.408
L1.DLN_Combustivel                   0.399977         0.077289            5.175           0.000
L1.DLN_Atividade                     0.177550         0.145181            1.223           0.221
L1.DLN_Expectativa_Inflacao          0.034581         0.034575            1.000           0.317
L1.LN_Selic                          0.012469         0.035077            0.355           0.722
L1.DLN_IPCA_Resposta                 0.027935         0.782829            0.036           0.972
L2.DLN_Preco_Barril_Pos              0.020238         0.031825            0.636           0.525
L2.DLN_Preco_Barril_Neg_Real        -0.038961         0.029133           -1.337           0.181
L2.DLN_Cambio                       -0.040018         0.044134           -0.907           0.365
L2.DLN_Combustivel                  -0.089245         0.077161           -1.157           0.247
L2.DLN_Atividade                    -0.211070         0.145435           -1.451           0.147
L2.DLN_Expectativa_Inflacao         -0.004015         0.025321           -0.159           0.874
L2.LN_Selic                         -0.020488         0.035620           -0.575           0.565
L2.DLN_IPCA_Resposta                 0.281221         0.800794            0.351           0.725
===============================================================================================

Results for equation DLN_Atividade
===============================================================================================
                                  coefficient       std. error           t-stat            prob
-----------------------------------------------------------------------------------------------
const                                0.003030         0.005420            0.559           0.576
m_2                                  0.001087         0.003298            0.330           0.742
m_3                                 -0.008696         0.003245           -2.680           0.007
m_4                                 -0.000204         0.003355           -0.061           0.952
m_5                                 -0.001766         0.003304           -0.535           0.593
m_6                                 -0.000055         0.003339           -0.016           0.987
m_7                                 -0.001957         0.003372           -0.580           0.562
m_8                                 -0.000724         0.003347           -0.216           0.829
m_9                                  0.001349         0.003393            0.398           0.691
m_10                                -0.000612         0.003294           -0.186           0.853
m_11                                -0.001960         0.003229           -0.607           0.544
m_12                                -0.000919         0.003279           -0.280           0.779
Stringency                          -0.000004         0.000062           -0.071           0.943
L1.DLN_Preco_Barril_Pos              0.002460         0.016397            0.150           0.881
L1.DLN_Preco_Barril_Neg_Real         0.075225         0.013853            5.430           0.000
L1.DLN_Cambio                       -0.008557         0.021527           -0.398           0.691
L1.DLN_Combustivel                  -0.005292         0.037102           -0.143           0.887
L1.DLN_Atividade                     0.044198         0.069693            0.634           0.526
L1.DLN_Expectativa_Inflacao         -0.017684         0.016597           -1.065           0.287
L1.LN_Selic                         -0.006962         0.016839           -0.413           0.679
L1.DLN_IPCA_Resposta                -0.021135         0.375792           -0.056           0.955
L2.DLN_Preco_Barril_Pos              0.042771         0.015277            2.800           0.005
L2.DLN_Preco_Barril_Neg_Real        -0.050675         0.013985           -3.624           0.000
L2.DLN_Cambio                       -0.012250         0.021186           -0.578           0.563
L2.DLN_Combustivel                   0.003156         0.037040            0.085           0.932
L2.DLN_Atividade                    -0.084407         0.069815           -1.209           0.227
L2.DLN_Expectativa_Inflacao          0.037774         0.012155            3.108           0.002
L2.LN_Selic                          0.007487         0.017099            0.438           0.661
L2.DLN_IPCA_Resposta                -0.440328         0.384415           -1.145           0.252
===============================================================================================

Results for equation DLN_Expectativa_Inflacao
===============================================================================================
                                  coefficient       std. error           t-stat            prob
-----------------------------------------------------------------------------------------------
const                                0.098687         0.028723            3.436           0.001
m_2                                 -0.022424         0.017480           -1.283           0.200
m_3                                 -0.011965         0.017198           -0.696           0.487
m_4                                 -0.043163         0.017779           -2.428           0.015
m_5                                 -0.002577         0.017513           -0.147           0.883
m_6                                 -0.047762         0.017695           -2.699           0.007
m_7                                 -0.038299         0.017869           -2.143           0.032
m_8                                 -0.031222         0.017738           -1.760           0.078
m_9                                 -0.026917         0.017984           -1.497           0.134
m_10                                -0.006943         0.017456           -0.398           0.691
m_11                                -0.005882         0.017115           -0.344           0.731
m_12                                -0.012794         0.017380           -0.736           0.462
Stringency                          -0.000165         0.000330           -0.501           0.616
L1.DLN_Preco_Barril_Pos              0.215216         0.086900            2.477           0.013
L1.DLN_Preco_Barril_Neg_Real         0.033037         0.073420            0.450           0.653
L1.DLN_Cambio                        0.267698         0.114091            2.346           0.019
L1.DLN_Combustivel                  -0.221658         0.196635           -1.127           0.260
L1.DLN_Atividade                     1.018729         0.369364            2.758           0.006
L1.DLN_Expectativa_Inflacao          0.211275         0.087964            2.402           0.016
L1.LN_Selic                          0.260698         0.089243            2.921           0.003
L1.DLN_IPCA_Resposta                -9.630081         1.991640           -4.835           0.000
L2.DLN_Preco_Barril_Pos             -0.096054         0.080968           -1.186           0.235
L2.DLN_Preco_Barril_Neg_Real        -0.042353         0.074118           -0.571           0.568
L2.DLN_Cambio                       -0.089072         0.112284           -0.793           0.428
L2.DLN_Combustivel                   0.144983         0.196309            0.739           0.460
L2.DLN_Atividade                     0.062883         0.370011            0.170           0.865
L2.DLN_Expectativa_Inflacao         -0.043930         0.064421           -0.682           0.495
L2.LN_Selic                         -0.282850         0.090623           -3.121           0.002
L2.DLN_IPCA_Resposta                 2.458253         2.037345            1.207           0.228
===============================================================================================

Results for equation LN_Selic
===============================================================================================
                                  coefficient       std. error           t-stat            prob
-----------------------------------------------------------------------------------------------
const                                0.009009         0.013133            0.686           0.493
m_2                                  0.001400         0.007992            0.175           0.861
m_3                                 -0.001738         0.007864           -0.221           0.825
m_4                                 -0.008088         0.008129           -0.995           0.320
m_5                                  0.006040         0.008007            0.754           0.451
m_6                                 -0.007105         0.008091           -0.878           0.380
m_7                                  0.000057         0.008170            0.007           0.994
m_8                                  0.002484         0.008111            0.306           0.759
m_9                                 -0.005112         0.008223           -0.622           0.534
m_10                                 0.011269         0.007981            1.412           0.158
m_11                                -0.001786         0.007825           -0.228           0.819
m_12                                -0.001371         0.007947           -0.172           0.863
Stringency                           0.000087         0.000151            0.576           0.565
L1.DLN_Preco_Barril_Pos              0.044372         0.039734            1.117           0.264
L1.DLN_Preco_Barril_Neg_Real         0.017980         0.033570            0.536           0.592
L1.DLN_Cambio                        0.065193         0.052167            1.250           0.211
L1.DLN_Combustivel                   0.008170         0.089909            0.091           0.928
L1.DLN_Atividade                     0.135874         0.168887            0.805           0.421
L1.DLN_Expectativa_Inflacao          0.079271         0.040220            1.971           0.049
L1.LN_Selic                          1.743628         0.040805           42.731           0.000
L1.DLN_IPCA_Resposta                -0.607881         0.910655           -0.668           0.504
L2.DLN_Preco_Barril_Pos             -0.076338         0.037022           -2.062           0.039
L2.DLN_Preco_Barril_Neg_Real         0.067762         0.033890            1.999           0.046
L2.DLN_Cambio                       -0.026715         0.051341           -0.520           0.603
L2.DLN_Combustivel                   0.041667         0.089760            0.464           0.643
L2.DLN_Atividade                     0.077318         0.169183            0.457           0.648
L2.DLN_Expectativa_Inflacao          0.004725         0.029456            0.160           0.873
L2.LN_Selic                         -0.750186         0.041436          -18.105           0.000
L2.DLN_IPCA_Resposta                 2.612927         0.931553            2.805           0.005
===============================================================================================

Results for equation DLN_IPCA_Resposta
===============================================================================================
                                  coefficient       std. error           t-stat            prob
-----------------------------------------------------------------------------------------------
const                                0.002659         0.001282            2.073           0.038
m_2                                  0.000648         0.000780            0.831           0.406
m_3                                 -0.000465         0.000768           -0.605           0.545
m_4                                 -0.001062         0.000794           -1.338           0.181
m_5                                 -0.000939         0.000782           -1.201           0.230
m_6                                 -0.002792         0.000790           -3.534           0.000
m_7                                 -0.001879         0.000798           -2.355           0.019
m_8                                 -0.002155         0.000792           -2.722           0.006
m_9                                 -0.000699         0.000803           -0.870           0.384
m_10                                 0.000459         0.000779            0.589           0.556
m_11                                -0.000578         0.000764           -0.756           0.450
m_12                                 0.000843         0.000776            1.086           0.277
Stringency                           0.000009         0.000015            0.590           0.555
L1.DLN_Preco_Barril_Pos              0.007217         0.003880            1.860           0.063
L1.DLN_Preco_Barril_Neg_Real         0.000086         0.003278            0.026           0.979
L1.DLN_Cambio                        0.003817         0.005094            0.749           0.454
L1.DLN_Combustivel                   0.008092         0.008779            0.922           0.357
L1.DLN_Atividade                     0.020358         0.016491            1.234           0.217
L1.DLN_Expectativa_Inflacao          0.012537         0.003927            3.192           0.001
L1.LN_Selic                          0.008513         0.003985            2.137           0.033
L1.DLN_IPCA_Resposta                 0.204570         0.088923            2.301           0.021
L2.DLN_Preco_Barril_Pos             -0.003434         0.003615           -0.950           0.342
L2.DLN_Preco_Barril_Neg_Real         0.000729         0.003309            0.220           0.826
L2.DLN_Cambio                       -0.003433         0.005013           -0.685           0.494
L2.DLN_Combustivel                  -0.011986         0.008765           -1.368           0.171
L2.DLN_Atividade                    -0.008140         0.016520           -0.493           0.622
L2.DLN_Expectativa_Inflacao          0.000154         0.002876            0.054           0.957
L2.LN_Selic                         -0.008345         0.004046           -2.062           0.039
L2.DLN_IPCA_Resposta                 0.258672         0.090963            2.844           0.004
===============================================================================================

Correlation matrix of residuals
                             DLN_Preco_Barril_Pos  DLN_Preco_Barril_Neg_Real  DLN_Cambio  DLN_Combustivel  DLN_Atividade  DLN_Expectativa_Inflacao  LN_Selic  DLN_IPCA_Resposta
DLN_Preco_Barril_Pos                     1.000000                   0.451691   -0.186598         0.250516       0.192674                  0.195662 -0.129981           0.138002
DLN_Preco_Barril_Neg_Real                0.451691                   1.000000   -0.269647         0.234410       0.418785                  0.311568  0.001644           0.144750
DLN_Cambio                              -0.186598                  -0.269647    1.000000        -0.054172      -0.201549                  0.004956 -0.032019          -0.099799
DLN_Combustivel                          0.250516                   0.234410   -0.054172         1.000000       0.016704                  0.416821  0.100608           0.531635
DLN_Atividade                            0.192674                   0.418785   -0.201549         0.016704       1.000000                  0.269227 -0.034088           0.114586
DLN_Expectativa_Inflacao                 0.195662                   0.311568    0.004956         0.416821       0.269227                  1.000000  0.114363           0.634077
LN_Selic                                -0.129981                   0.001644   -0.032019         0.100608      -0.034088                  0.114363  1.000000           0.089786
DLN_IPCA_Resposta                        0.138002                   0.144750   -0.099799         0.531635       0.114586                  0.634077  0.089786           1.000000


