  Summary of Regression Results   
==================================
Model:                         VAR
Method:                        OLS
Date:           Sat, 23, May, 2026
Time:                     14:21:09
--------------------------------------------------------------------
No. of Equations:         8.00000    BIC:                   -56.5657
Nobs:                     270.000    HQIC:                  -58.4161
Log likelihood:           5220.88    FPE:                1.24129e-26
AIC:                     -59.6577    Det(Omega_mle):     5.48798e-27
--------------------------------------------------------------------
Results for equation DLN_Preco_Barril_Pos
===============================================================================================
                                  coefficient       std. error           t-stat            prob
-----------------------------------------------------------------------------------------------
const                                0.029917         0.023942            1.250           0.211
m_2                                 -0.014212         0.014216           -1.000           0.317
m_3                                  0.010925         0.014657            0.745           0.456
m_4                                  0.000303         0.014497            0.021           0.983
m_5                                  0.000335         0.014666            0.023           0.982
m_6                                 -0.001393         0.015168           -0.092           0.927
m_7                                 -0.014764         0.015110           -0.977           0.329
m_8                                 -0.010709         0.014616           -0.733           0.464
m_9                                 -0.009507         0.014874           -0.639           0.523
m_10                                -0.003344         0.014408           -0.232           0.816
m_11                                -0.016568         0.014158           -1.170           0.242
m_12                                -0.008733         0.014216           -0.614           0.539
Stringency                           0.000698         0.000278            2.508           0.012
L1.DLN_Preco_Barril_Pos              0.021850         0.071927            0.304           0.761
L1.DLN_Preco_Barril_Neg_Real         0.104758         0.059820            1.751           0.080
L1.DLN_Cambio                       -0.228704         0.093353           -2.450           0.014
L1.DLN_Combustivel                  -0.340174         0.257565           -1.321           0.187
L1.DLN_Atividade                    -0.787621         0.306032           -2.574           0.010
L1.DLN_Expectativa_Inflacao          0.020356         0.059553            0.342           0.732
L1.LN_Selic                         -0.157699         0.075430           -2.091           0.037
L1.DLN_IPCA_Resposta                -0.007146         0.789061           -0.009           0.993
L2.DLN_Preco_Barril_Pos              0.121885         0.067035            1.818           0.069
L2.DLN_Preco_Barril_Neg_Real        -0.253975         0.061093           -4.157           0.000
L2.DLN_Cambio                       -0.043875         0.093025           -0.472           0.637
L2.DLN_Combustivel                  -0.022528         0.255987           -0.088           0.930
L2.DLN_Atividade                    -0.510713         0.304530           -1.677           0.094
L2.DLN_Expectativa_Inflacao         -0.046519         0.051895           -0.896           0.370
L2.LN_Selic                          0.156948         0.076046            2.064           0.039
L2.DLN_IPCA_Resposta                 0.773799         0.776241            0.997           0.319
===============================================================================================

Results for equation DLN_Preco_Barril_Neg_Real
===============================================================================================
                                  coefficient       std. error           t-stat            prob
-----------------------------------------------------------------------------------------------
const                                0.029293         0.032287            0.907           0.364
m_2                                  0.002359         0.019172            0.123           0.902
m_3                                 -0.024415         0.019765           -1.235           0.217
m_4                                 -0.012686         0.019550           -0.649           0.516
m_5                                 -0.001253         0.019778           -0.063           0.949
m_6                                 -0.004957         0.020455           -0.242           0.809
m_7                                  0.000560         0.020377            0.027           0.978
m_8                                 -0.028835         0.019711           -1.463           0.143
m_9                                  0.000072         0.020059            0.004           0.997
m_10                                -0.006480         0.019429           -0.334           0.739
m_11                                -0.030704         0.019093           -1.608           0.108
m_12                                -0.017687         0.019171           -0.923           0.356
Stringency                          -0.000475         0.000375           -1.266           0.205
L1.DLN_Preco_Barril_Pos             -0.158251         0.096998           -1.631           0.103
L1.DLN_Preco_Barril_Neg_Real         0.560204         0.080670            6.944           0.000
L1.DLN_Cambio                       -0.268535         0.125891           -2.133           0.033
L1.DLN_Combustivel                  -0.211320         0.347339           -0.608           0.543
L1.DLN_Atividade                    -0.103468         0.412699           -0.251           0.802
L1.DLN_Expectativa_Inflacao         -0.042310         0.080310           -0.527           0.598
L1.LN_Selic                          0.051405         0.101722            0.505           0.613
L1.DLN_IPCA_Resposta                 0.512513         1.064087            0.482           0.630
L2.DLN_Preco_Barril_Pos              0.136009         0.090399            1.505           0.132
L2.DLN_Preco_Barril_Neg_Real        -0.281804         0.082387           -3.420           0.001
L2.DLN_Cambio                       -0.215116         0.125449           -1.715           0.086
L2.DLN_Combustivel                   0.125186         0.345211            0.363           0.717
L2.DLN_Atividade                    -0.249048         0.410674           -0.606           0.544
L2.DLN_Expectativa_Inflacao          0.027912         0.069983            0.399           0.690
L2.LN_Selic                         -0.067246         0.102551           -0.656           0.512
L2.DLN_IPCA_Resposta                -0.695165         1.046799           -0.664           0.507
===============================================================================================

Results for equation DLN_Cambio
===============================================================================================
                                  coefficient       std. error           t-stat            prob
-----------------------------------------------------------------------------------------------
const                                0.020164         0.016856            1.196           0.232
m_2                                  0.008577         0.010008            0.857           0.391
m_3                                  0.020494         0.010318            1.986           0.047
m_4                                 -0.004878         0.010206           -0.478           0.633
m_5                                  0.024746         0.010325            2.397           0.017
m_6                                  0.004126         0.010679            0.386           0.699
m_7                                  0.015411         0.010638            1.449           0.147
m_8                                  0.025767         0.010290            2.504           0.012
m_9                                  0.014376         0.010472            1.373           0.170
m_10                                 0.012776         0.010143            1.260           0.208
m_11                                 0.017949         0.009967            1.801           0.072
m_12                                 0.014691         0.010008            1.468           0.142
Stringency                          -0.000192         0.000196           -0.979           0.328
L1.DLN_Preco_Barril_Pos             -0.045396         0.050637           -0.896           0.370
L1.DLN_Preco_Barril_Neg_Real        -0.114497         0.042114           -2.719           0.007
L1.DLN_Cambio                        0.328862         0.065721            5.004           0.000
L1.DLN_Combustivel                   0.412003         0.181327            2.272           0.023
L1.DLN_Atividade                    -0.024760         0.215449           -0.115           0.909
L1.DLN_Expectativa_Inflacao         -0.023438         0.041926           -0.559           0.576
L1.LN_Selic                         -0.006949         0.053104           -0.131           0.896
L1.DLN_IPCA_Resposta                -0.660659         0.555505           -1.189           0.234
L2.DLN_Preco_Barril_Pos             -0.027336         0.047193           -0.579           0.562
L2.DLN_Preco_Barril_Neg_Real         0.006051         0.043010            0.141           0.888
L2.DLN_Cambio                       -0.140992         0.065490           -2.153           0.031
L2.DLN_Combustivel                  -0.358308         0.180217           -1.988           0.047
L2.DLN_Atividade                     0.122866         0.214392            0.573           0.567
L2.DLN_Expectativa_Inflacao          0.022657         0.036535            0.620           0.535
L2.LN_Selic                         -0.006574         0.053537           -0.123           0.902
L2.DLN_IPCA_Resposta                 0.628181         0.546479            1.150           0.250
===============================================================================================

Results for equation DLN_Combustivel
===============================================================================================
                                  coefficient       std. error           t-stat            prob
-----------------------------------------------------------------------------------------------
const                                0.018542         0.011339            1.635           0.102
m_2                                  0.006534         0.006733            0.970           0.332
m_3                                  0.007789         0.006941            1.122           0.262
m_4                                 -0.005707         0.006866           -0.831           0.406
m_5                                  0.000231         0.006946            0.033           0.974
m_6                                 -0.007964         0.007183           -1.109           0.268
m_7                                 -0.004419         0.007156           -0.618           0.537
m_8                                 -0.000977         0.006922           -0.141           0.888
m_9                                  0.002544         0.007044            0.361           0.718
m_10                                 0.004795         0.006823            0.703           0.482
m_11                                 0.004731         0.006705            0.706           0.480
m_12                                 0.003339         0.006733            0.496           0.620
Stringency                          -0.000120         0.000132           -0.911           0.362
L1.DLN_Preco_Barril_Pos              0.031064         0.034064            0.912           0.362
L1.DLN_Preco_Barril_Neg_Real         0.051938         0.028330            1.833           0.067
L1.DLN_Cambio                        0.037098         0.044211            0.839           0.401
L1.DLN_Combustivel                   0.328070         0.121979            2.690           0.007
L1.DLN_Atividade                     0.184678         0.144932            1.274           0.203
L1.DLN_Expectativa_Inflacao          0.019626         0.028203            0.696           0.486
L1.LN_Selic                          0.021768         0.035723            0.609           0.542
L1.DLN_IPCA_Resposta                 0.305178         0.373687            0.817           0.414
L2.DLN_Preco_Barril_Pos              0.020516         0.031746            0.646           0.518
L2.DLN_Preco_Barril_Neg_Real        -0.041882         0.028933           -1.448           0.148
L2.DLN_Cambio                       -0.038056         0.044055           -0.864           0.388
L2.DLN_Combustivel                   0.015423         0.121231            0.127           0.899
L2.DLN_Atividade                    -0.196436         0.144221           -1.362           0.173
L2.DLN_Expectativa_Inflacao          0.001398         0.024577            0.057           0.955
L2.LN_Selic                         -0.029090         0.036014           -0.808           0.419
L2.DLN_IPCA_Resposta                -0.365964         0.367615           -0.996           0.319
===============================================================================================

Results for equation DLN_Atividade
===============================================================================================
                                  coefficient       std. error           t-stat            prob
-----------------------------------------------------------------------------------------------
const                                0.002905         0.005481            0.530           0.596
m_2                                  0.000228         0.003254            0.070           0.944
m_3                                 -0.009012         0.003355           -2.686           0.007
m_4                                 -0.000896         0.003318           -0.270           0.787
m_5                                 -0.001973         0.003357           -0.588           0.557
m_6                                 -0.000240         0.003472           -0.069           0.945
m_7                                 -0.001437         0.003459           -0.415           0.678
m_8                                  0.000063         0.003346            0.019           0.985
m_9                                  0.002164         0.003405            0.636           0.525
m_10                                 0.000400         0.003298            0.121           0.904
m_11                                -0.001542         0.003241           -0.476           0.634
m_12                                -0.000984         0.003254           -0.302           0.762
Stringency                          -0.000025         0.000064           -0.387           0.699
L1.DLN_Preco_Barril_Pos              0.002241         0.016465            0.136           0.892
L1.DLN_Preco_Barril_Neg_Real         0.072733         0.013693            5.312           0.000
L1.DLN_Cambio                       -0.009309         0.021369           -0.436           0.663
L1.DLN_Combustivel                  -0.016861         0.058959           -0.286           0.775
L1.DLN_Atividade                     0.039603         0.070053            0.565           0.572
L1.DLN_Expectativa_Inflacao         -0.010595         0.013632           -0.777           0.437
L1.LN_Selic                         -0.017818         0.017267           -1.032           0.302
L1.DLN_IPCA_Resposta                 0.021320         0.180623            0.118           0.906
L2.DLN_Preco_Barril_Pos              0.043534         0.015345            2.837           0.005
L2.DLN_Preco_Barril_Neg_Real        -0.048397         0.013985           -3.461           0.001
L2.DLN_Cambio                       -0.011131         0.021294           -0.523           0.601
L2.DLN_Combustivel                  -0.028111         0.058598           -0.480           0.631
L2.DLN_Atividade                    -0.095265         0.069710           -1.367           0.172
L2.DLN_Expectativa_Inflacao          0.031764         0.011879            2.674           0.007
L2.LN_Selic                          0.017453         0.017408            1.003           0.316
L2.DLN_IPCA_Resposta                 0.041777         0.177688            0.235           0.814
===============================================================================================

Results for equation DLN_Expectativa_Inflacao
===============================================================================================
                                  coefficient       std. error           t-stat            prob
-----------------------------------------------------------------------------------------------
const                                0.073723         0.029881            2.467           0.014
m_2                                 -0.008001         0.017743           -0.451           0.652
m_3                                 -0.018279         0.018292           -0.999           0.318
m_4                                 -0.042827         0.018093           -2.367           0.018
m_5                                 -0.005660         0.018304           -0.309           0.757
m_6                                 -0.048648         0.018931           -2.570           0.010
m_7                                 -0.034147         0.018858           -1.811           0.070
m_8                                 -0.022282         0.018242           -1.221           0.222
m_9                                 -0.012979         0.018564           -0.699           0.484
m_10                                -0.001632         0.017982           -0.091           0.928
m_11                                 0.000671         0.017670            0.038           0.970
m_12                                -0.000783         0.017743           -0.044           0.965
Stringency                          -0.000099         0.000347           -0.284           0.777
L1.DLN_Preco_Barril_Pos              0.226013         0.089770            2.518           0.012
L1.DLN_Preco_Barril_Neg_Real         0.070919         0.074659            0.950           0.342
L1.DLN_Cambio                        0.319219         0.116510            2.740           0.006
L1.DLN_Combustivel                   0.032684         0.321456            0.102           0.919
L1.DLN_Atividade                     1.060425         0.381946            2.776           0.005
L1.DLN_Expectativa_Inflacao          0.034748         0.074325            0.468           0.640
L1.LN_Selic                          0.294388         0.094142            3.127           0.002
L1.DLN_IPCA_Resposta                -2.316811         0.984796           -2.353           0.019
L2.DLN_Preco_Barril_Pos             -0.100939         0.083663           -1.206           0.228
L2.DLN_Preco_Barril_Neg_Real        -0.047935         0.076248           -0.629           0.530
L2.DLN_Cambio                       -0.080248         0.116101           -0.691           0.489
L2.DLN_Combustivel                   0.621854         0.319487            1.946           0.052
L2.DLN_Atividade                     0.166370         0.380072            0.438           0.662
L2.DLN_Expectativa_Inflacao         -0.051031         0.064768           -0.788           0.431
L2.LN_Selic                         -0.316522         0.094910           -3.335           0.001
L2.DLN_IPCA_Resposta                -1.900893         0.968795           -1.962           0.050
===============================================================================================

Results for equation LN_Selic
===============================================================================================
                                  coefficient       std. error           t-stat            prob
-----------------------------------------------------------------------------------------------
const                                0.008686         0.013386            0.649           0.516
m_2                                  0.007541         0.007949            0.949           0.343
m_3                                  0.003471         0.008195            0.424           0.672
m_4                                 -0.001419         0.008106           -0.175           0.861
m_5                                  0.010329         0.008200            1.260           0.208
m_6                                  0.000085         0.008481            0.010           0.992
m_7                                  0.001676         0.008448            0.198           0.843
m_8                                  0.001734         0.008172            0.212           0.832
m_9                                 -0.003150         0.008317           -0.379           0.705
m_10                                 0.008005         0.008056            0.994           0.320
m_11                                -0.001297         0.007916           -0.164           0.870
m_12                                 0.002826         0.007948            0.356           0.722
Stringency                           0.000150         0.000156            0.962           0.336
L1.DLN_Preco_Barril_Pos              0.044204         0.040216            1.099           0.272
L1.DLN_Preco_Barril_Neg_Real         0.036625         0.033446            1.095           0.273
L1.DLN_Cambio                        0.078486         0.052195            1.504           0.133
L1.DLN_Combustivel                  -0.156928         0.144008           -1.090           0.276
L1.DLN_Atividade                     0.157713         0.171107            0.922           0.357
L1.DLN_Expectativa_Inflacao          0.009834         0.033297            0.295           0.768
L1.LN_Selic                          1.784231         0.042174           42.306           0.000
L1.DLN_IPCA_Resposta                 0.647590         0.441175            1.468           0.142
L2.DLN_Preco_Barril_Pos             -0.077917         0.037480           -2.079           0.038
L2.DLN_Preco_Barril_Neg_Real         0.054688         0.034158            1.601           0.109
L2.DLN_Cambio                       -0.025318         0.052012           -0.487           0.626
L2.DLN_Combustivel                   0.262513         0.143126            1.834           0.067
L2.DLN_Atividade                     0.146206         0.170267            0.859           0.391
L2.DLN_Expectativa_Inflacao          0.031073         0.029015            1.071           0.284
L2.LN_Selic                         -0.788354         0.042518          -18.542           0.000
L2.DLN_IPCA_Resposta                -0.490214         0.434007           -1.130           0.259
===============================================================================================

Results for equation DLN_IPCA_Resposta
===============================================================================================
                                  coefficient       std. error           t-stat            prob
-----------------------------------------------------------------------------------------------
const                                0.005446         0.003844            1.417           0.157
m_2                                 -0.001934         0.002282           -0.848           0.397
m_3                                 -0.001275         0.002353           -0.542           0.588
m_4                                 -0.006189         0.002328           -2.659           0.008
m_5                                 -0.006453         0.002355           -2.741           0.006
m_6                                 -0.007919         0.002435           -3.252           0.001
m_7                                 -0.004988         0.002426           -2.056           0.040
m_8                                 -0.006450         0.002347           -2.749           0.006
m_9                                 -0.002401         0.002388           -1.005           0.315
m_10                                -0.000866         0.002313           -0.374           0.708
m_11                                -0.001660         0.002273           -0.730           0.465
m_12                                 0.000745         0.002282            0.326           0.744
Stringency                           0.000030         0.000045            0.662           0.508
L1.DLN_Preco_Barril_Pos              0.015474         0.011548            1.340           0.180
L1.DLN_Preco_Barril_Neg_Real         0.011894         0.009604            1.238           0.216
L1.DLN_Cambio                        0.014002         0.014988            0.934           0.350
L1.DLN_Combustivel                   0.078528         0.041353            1.899           0.058
L1.DLN_Atividade                     0.058639         0.049135            1.193           0.233
L1.DLN_Expectativa_Inflacao          0.017050         0.009561            1.783           0.075
L1.LN_Selic                          0.031828         0.012111            2.628           0.009
L1.DLN_IPCA_Resposta                 0.105695         0.126687            0.834           0.404
L2.DLN_Preco_Barril_Pos              0.002547         0.010763            0.237           0.813
L2.DLN_Preco_Barril_Neg_Real        -0.006420         0.009809           -0.655           0.513
L2.DLN_Cambio                       -0.026161         0.014936           -1.752           0.080
L2.DLN_Combustivel                   0.030989         0.041100            0.754           0.451
L2.DLN_Atividade                    -0.032947         0.048893           -0.674           0.500
L2.DLN_Expectativa_Inflacao         -0.000948         0.008332           -0.114           0.909
L2.LN_Selic                         -0.031532         0.012209           -2.583           0.010
L2.DLN_IPCA_Resposta                -0.132956         0.124628           -1.067           0.286
===============================================================================================

Correlation matrix of residuals
                             DLN_Preco_Barril_Pos  DLN_Preco_Barril_Neg_Real  DLN_Cambio  DLN_Combustivel  DLN_Atividade  DLN_Expectativa_Inflacao  LN_Selic  DLN_IPCA_Resposta
DLN_Preco_Barril_Pos                     1.000000                   0.452649   -0.192483         0.256361       0.188718                  0.195425 -0.119224           0.246788
DLN_Preco_Barril_Neg_Real                0.452649                   1.000000   -0.262202         0.229287       0.419692                  0.279768 -0.015122           0.211592
DLN_Cambio                              -0.192483                  -0.262202    1.000000        -0.046510      -0.201678                 -0.005690 -0.022543          -0.069040
DLN_Combustivel                          0.256361                   0.229287   -0.046510         1.000000       0.014546                  0.400182  0.096073           0.852881
DLN_Atividade                            0.188718                   0.419692   -0.201678         0.014546       1.000000                  0.274727 -0.050308           0.063068
DLN_Expectativa_Inflacao                 0.195425                   0.279768   -0.005690         0.400182       0.274727                  1.000000  0.105446           0.450883
LN_Selic                                -0.119224                  -0.015122   -0.022543         0.096073      -0.050308                  0.105446  1.000000           0.160748
DLN_IPCA_Resposta                        0.246788                   0.211592   -0.069040         0.852881       0.063068                  0.450883  0.160748           1.000000


