  Summary of Regression Results   
==================================
Model:                         VAR
Method:                        OLS
Date:           Sat, 23, May, 2026
Time:                     14:21:10
--------------------------------------------------------------------
No. of Equations:         8.00000    BIC:                   -55.7093
Nobs:                     270.000    HQIC:                  -57.5597
Log likelihood:           5105.27    FPE:                2.92283e-26
AIC:                     -58.8013    Det(Omega_mle):     1.29224e-26
--------------------------------------------------------------------
Results for equation DLN_Preco_Barril_Pos
===============================================================================================
                                  coefficient       std. error           t-stat            prob
-----------------------------------------------------------------------------------------------
const                                0.027765         0.023296            1.192           0.233
m_2                                 -0.014477         0.014079           -1.028           0.304
m_3                                  0.007264         0.014237            0.510           0.610
m_4                                 -0.002993         0.014263           -0.210           0.834
m_5                                 -0.003125         0.014478           -0.216           0.829
m_6                                 -0.006798         0.014635           -0.464           0.642
m_7                                 -0.019477         0.014695           -1.325           0.185
m_8                                 -0.013565         0.014526           -0.934           0.350
m_9                                 -0.013234         0.014417           -0.918           0.359
m_10                                -0.002959         0.014300           -0.207           0.836
m_11                                -0.017705         0.014016           -1.263           0.207
m_12                                -0.011223         0.014022           -0.800           0.424
Stringency                           0.000772         0.000268            2.885           0.004
L1.DLN_Preco_Barril_Pos              0.030662         0.074196            0.413           0.679
L1.DLN_Preco_Barril_Neg_Real         0.097776         0.059557            1.642           0.101
L1.DLN_Cambio                       -0.226819         0.092879           -2.442           0.015
L1.DLN_Combustivel                  -0.216320         0.173919           -1.244           0.214
L1.DLN_Atividade                    -0.792191         0.307404           -2.577           0.010
L1.DLN_Expectativa_Inflacao          0.032787         0.059721            0.549           0.583
L1.LN_Selic                         -0.106952         0.072946           -1.466           0.143
L1.DLN_IPCA_Resposta                -0.755819         0.472036           -1.601           0.109
L2.DLN_Preco_Barril_Pos              0.131688         0.067190            1.960           0.050
L2.DLN_Preco_Barril_Neg_Real        -0.244202         0.060983           -4.004           0.000
L2.DLN_Cambio                       -0.040925         0.093056           -0.440           0.660
L2.DLN_Combustivel                  -0.135966         0.163881           -0.830           0.407
L2.DLN_Atividade                    -0.488545         0.309266           -1.580           0.114
L2.DLN_Expectativa_Inflacao         -0.038210         0.051658           -0.740           0.459
L2.LN_Selic                          0.108956         0.074606            1.460           0.144
L2.DLN_IPCA_Resposta                 0.912494         0.488927            1.866           0.062
===============================================================================================

Results for equation DLN_Preco_Barril_Neg_Real
===============================================================================================
                                  coefficient       std. error           t-stat            prob
-----------------------------------------------------------------------------------------------
const                                0.031282         0.031487            0.993           0.320
m_2                                  0.001013         0.019029            0.053           0.958
m_3                                 -0.027991         0.019242           -1.455           0.146
m_4                                 -0.014365         0.019278           -0.745           0.456
m_5                                 -0.002918         0.019568           -0.149           0.881
m_6                                 -0.008162         0.019780           -0.413           0.680
m_7                                 -0.000974         0.019861           -0.049           0.961
m_8                                 -0.030563         0.019633           -1.557           0.120
m_9                                 -0.002468         0.019486           -0.127           0.899
m_10                                -0.005369         0.019328           -0.278           0.781
m_11                                -0.031471         0.018943           -1.661           0.097
m_12                                -0.019607         0.018953           -1.035           0.301
Stringency                          -0.000458         0.000362           -1.266           0.206
L1.DLN_Preco_Barril_Pos             -0.158871         0.100283           -1.584           0.113
L1.DLN_Preco_Barril_Neg_Real         0.553176         0.080498            6.872           0.000
L1.DLN_Cambio                       -0.262779         0.125536           -2.093           0.036
L1.DLN_Combustivel                  -0.122116         0.235070           -0.519           0.603
L1.DLN_Atividade                    -0.097306         0.415489           -0.234           0.815
L1.DLN_Expectativa_Inflacao         -0.034705         0.080719           -0.430           0.667
L1.LN_Selic                          0.076330         0.098594            0.774           0.439
L1.DLN_IPCA_Resposta                 0.073847         0.638006            0.116           0.908
L2.DLN_Preco_Barril_Pos              0.145485         0.090815            1.602           0.109
L2.DLN_Preco_Barril_Neg_Real        -0.271206         0.082425           -3.290           0.001
L2.DLN_Cambio                       -0.213850         0.125775           -1.700           0.089
L2.DLN_Combustivel                  -0.128222         0.221502           -0.579           0.563
L2.DLN_Atividade                    -0.258121         0.418005           -0.618           0.537
L2.DLN_Expectativa_Inflacao          0.031864         0.069821            0.456           0.648
L2.LN_Selic                         -0.092111         0.100838           -0.913           0.361
L2.DLN_IPCA_Resposta                -0.218521         0.660836           -0.331           0.741
===============================================================================================

Results for equation DLN_Cambio
===============================================================================================
                                  coefficient       std. error           t-stat            prob
-----------------------------------------------------------------------------------------------
const                                0.015529         0.016726            0.928           0.353
m_2                                  0.010544         0.010108            1.043           0.297
m_3                                  0.027628         0.010222            2.703           0.007
m_4                                 -0.001980         0.010240           -0.193           0.847
m_5                                  0.026566         0.010395            2.556           0.011
m_6                                  0.009489         0.010507            0.903           0.366
m_7                                  0.016487         0.010550            1.563           0.118
m_8                                  0.027812         0.010429            2.667           0.008
m_9                                  0.020357         0.010351            1.967           0.049
m_10                                 0.012953         0.010267            1.262           0.207
m_11                                 0.020964         0.010063            2.083           0.037
m_12                                 0.018648         0.010068            1.852           0.064
Stringency                          -0.000198         0.000192           -1.032           0.302
L1.DLN_Preco_Barril_Pos             -0.030663         0.053271           -0.576           0.565
L1.DLN_Preco_Barril_Neg_Real        -0.102557         0.042761           -2.398           0.016
L1.DLN_Cambio                        0.322503         0.066686            4.836           0.000
L1.DLN_Combustivel                   0.023823         0.124870            0.191           0.849
L1.DLN_Atividade                    -0.073699         0.220710           -0.334           0.738
L1.DLN_Expectativa_Inflacao         -0.020663         0.042879           -0.482           0.630
L1.LN_Selic                         -0.016864         0.052374           -0.322           0.747
L1.DLN_IPCA_Resposta                 0.254594         0.338912            0.751           0.453
L2.DLN_Preco_Barril_Pos             -0.026157         0.048241           -0.542           0.588
L2.DLN_Preco_Barril_Neg_Real        -0.000831         0.043784           -0.019           0.985
L2.DLN_Cambio                       -0.132973         0.066812           -1.990           0.047
L2.DLN_Combustivel                   0.023770         0.117663            0.202           0.840
L2.DLN_Atividade                     0.158282         0.222046            0.713           0.476
L2.DLN_Expectativa_Inflacao          0.022767         0.037089            0.614           0.539
L2.LN_Selic                          0.003762         0.053566            0.070           0.944
L2.DLN_IPCA_Resposta                -0.197784         0.351040           -0.563           0.573
===============================================================================================

Results for equation DLN_Combustivel
===============================================================================================
                                  coefficient       std. error           t-stat            prob
-----------------------------------------------------------------------------------------------
const                                0.007936         0.009708            0.817           0.414
m_2                                  0.000874         0.005867            0.149           0.882
m_3                                  0.000534         0.005933            0.090           0.928
m_4                                 -0.008089         0.005944           -1.361           0.174
m_5                                  0.000373         0.006033            0.062           0.951
m_6                                 -0.012665         0.006099           -2.077           0.038
m_7                                  0.001093         0.006124            0.178           0.858
m_8                                  0.001114         0.006054            0.184           0.854
m_9                                  0.005168         0.006008            0.860           0.390
m_10                                 0.002118         0.005959            0.355           0.722
m_11                                 0.002272         0.005841            0.389           0.697
m_12                                -0.000398         0.005844           -0.068           0.946
Stringency                           0.000005         0.000112            0.043           0.966
L1.DLN_Preco_Barril_Pos              0.049021         0.030920            1.585           0.113
L1.DLN_Preco_Barril_Neg_Real         0.035951         0.024820            1.448           0.147
L1.DLN_Cambio                        0.069013         0.038707            1.783           0.075
L1.DLN_Combustivel                   0.325680         0.072479            4.493           0.000
L1.DLN_Atividade                     0.266009         0.128108            2.076           0.038
L1.DLN_Expectativa_Inflacao          0.030242         0.024888            1.215           0.224
L1.LN_Selic                          0.063923         0.030400            2.103           0.035
L1.DLN_IPCA_Resposta                 0.215509         0.196717            1.096           0.273
L2.DLN_Preco_Barril_Pos              0.038663         0.028001            1.381           0.167
L2.DLN_Preco_Barril_Neg_Real        -0.003403         0.025414           -0.134           0.893
L2.DLN_Cambio                       -0.014151         0.038780           -0.365           0.715
L2.DLN_Combustivel                  -0.142520         0.068296           -2.087           0.037
L2.DLN_Atividade                    -0.172155         0.128884           -1.336           0.182
L2.DLN_Expectativa_Inflacao         -0.021556         0.021528           -1.001           0.317
L2.LN_Selic                         -0.066980         0.031092           -2.154           0.031
L2.DLN_IPCA_Resposta                 0.288783         0.203756            1.417           0.156
===============================================================================================

Results for equation DLN_Atividade
===============================================================================================
                                  coefficient       std. error           t-stat            prob
-----------------------------------------------------------------------------------------------
const                                0.002113         0.005352            0.395           0.693
m_2                                  0.000518         0.003235            0.160           0.873
m_3                                 -0.008954         0.003271           -2.738           0.006
m_4                                 -0.001113         0.003277           -0.340           0.734
m_5                                 -0.002171         0.003326           -0.653           0.514
m_6                                 -0.000558         0.003362           -0.166           0.868
m_7                                 -0.001854         0.003376           -0.549           0.583
m_8                                 -0.000095         0.003337           -0.028           0.977
m_9                                  0.001894         0.003312            0.572           0.567
m_10                                 0.000014         0.003285            0.004           0.997
m_11                                -0.001673         0.003220           -0.519           0.603
m_12                                -0.001077         0.003222           -0.334           0.738
Stringency                          -0.000015         0.000061           -0.244           0.807
L1.DLN_Preco_Barril_Pos              0.002255         0.017046            0.132           0.895
L1.DLN_Preco_Barril_Neg_Real         0.072882         0.013683            5.327           0.000
L1.DLN_Cambio                       -0.011086         0.021338           -0.520           0.603
L1.DLN_Combustivel                   0.007230         0.039956            0.181           0.856
L1.DLN_Atividade                     0.041901         0.070623            0.593           0.553
L1.DLN_Expectativa_Inflacao         -0.011001         0.013720           -0.802           0.423
L1.LN_Selic                         -0.016117         0.016759           -0.962           0.336
L1.DLN_IPCA_Resposta                -0.032697         0.108446           -0.302           0.763
L2.DLN_Preco_Barril_Pos              0.041862         0.015436            2.712           0.007
L2.DLN_Preco_Barril_Neg_Real        -0.049942         0.014010           -3.565           0.000
L2.DLN_Cambio                       -0.011964         0.021379           -0.560           0.576
L2.DLN_Combustivel                   0.010576         0.037650            0.281           0.779
L2.DLN_Atividade                    -0.093072         0.071051           -1.310           0.190
L2.DLN_Expectativa_Inflacao          0.032025         0.011868            2.698           0.007
L2.LN_Selic                          0.016253         0.017140            0.948           0.343
L2.DLN_IPCA_Resposta                -0.048606         0.112326           -0.433           0.665
===============================================================================================

Results for equation DLN_Expectativa_Inflacao
===============================================================================================
                                  coefficient       std. error           t-stat            prob
-----------------------------------------------------------------------------------------------
const                                0.090442         0.029138            3.104           0.002
m_2                                 -0.013309         0.017609           -0.756           0.450
m_3                                 -0.025529         0.017807           -1.434           0.152
m_4                                 -0.040409         0.017839           -2.265           0.024
m_5                                 -0.002543         0.018108           -0.140           0.888
m_6                                 -0.049272         0.018304           -2.692           0.007
m_7                                 -0.025827         0.018379           -1.405           0.160
m_8                                 -0.023997         0.018168           -1.321           0.187
m_9                                 -0.016528         0.018032           -0.917           0.359
m_10                                -0.000792         0.017886           -0.044           0.965
m_11                                -0.000064         0.017530           -0.004           0.997
m_12                                -0.003705         0.017539           -0.211           0.833
Stringency                          -0.000216         0.000335           -0.644           0.520
L1.DLN_Preco_Barril_Pos              0.158913         0.092801            1.712           0.087
L1.DLN_Preco_Barril_Neg_Real         0.052729         0.074492            0.708           0.479
L1.DLN_Cambio                        0.320724         0.116170            2.761           0.006
L1.DLN_Combustivel                   0.424876         0.217531            1.953           0.051
L1.DLN_Atividade                     1.194605         0.384489            3.107           0.002
L1.DLN_Expectativa_Inflacao          0.025723         0.074697            0.344           0.731
L1.LN_Selic                          0.242667         0.091238            2.660           0.008
L1.DLN_IPCA_Resposta                -2.385447         0.590403           -4.040           0.000
L2.DLN_Preco_Barril_Pos             -0.101480         0.084039           -1.208           0.227
L2.DLN_Preco_Barril_Neg_Real        -0.039531         0.076275           -0.518           0.604
L2.DLN_Cambio                       -0.103179         0.116391           -0.886           0.375
L2.DLN_Combustivel                  -0.292973         0.204975           -1.429           0.153
L2.DLN_Atividade                    -0.047176         0.386817           -0.122           0.903
L2.DLN_Expectativa_Inflacao         -0.059387         0.064612           -0.919           0.358
L2.LN_Selic                         -0.272226         0.093315           -2.917           0.004
L2.DLN_IPCA_Resposta                -0.230808         0.611530           -0.377           0.706
===============================================================================================

Results for equation LN_Selic
===============================================================================================
                                  coefficient       std. error           t-stat            prob
-----------------------------------------------------------------------------------------------
const                                0.012155         0.013129            0.926           0.355
m_2                                  0.006539         0.007935            0.824           0.410
m_3                                  0.000380         0.008023            0.047           0.962
m_4                                 -0.002245         0.008038           -0.279           0.780
m_5                                  0.010456         0.008159            1.282           0.200
m_6                                 -0.001085         0.008248           -0.132           0.895
m_7                                  0.002580         0.008281            0.311           0.755
m_8                                  0.002064         0.008186            0.252           0.801
m_9                                 -0.005472         0.008125           -0.673           0.501
m_10                                 0.007815         0.008059            0.970           0.332
m_11                                -0.003111         0.007899           -0.394           0.694
m_12                                 0.001321         0.007903            0.167           0.867
Stringency                           0.000121         0.000151            0.800           0.424
L1.DLN_Preco_Barril_Pos              0.036612         0.041815            0.876           0.381
L1.DLN_Preco_Barril_Neg_Real         0.032957         0.033565            0.982           0.326
L1.DLN_Cambio                        0.084513         0.052344            1.615           0.106
L1.DLN_Combustivel                   0.033504         0.098017            0.342           0.732
L1.DLN_Atividade                     0.180533         0.173245            1.042           0.297
L1.DLN_Expectativa_Inflacao          0.001494         0.033657            0.044           0.965
L1.LN_Selic                          1.769100         0.041111           43.033           0.000
L1.DLN_IPCA_Resposta                 0.333721         0.266027            1.254           0.210
L2.DLN_Preco_Barril_Pos             -0.083448         0.037867           -2.204           0.028
L2.DLN_Preco_Barril_Neg_Real         0.054929         0.034368            1.598           0.110
L2.DLN_Cambio                       -0.029843         0.052444           -0.569           0.569
L2.DLN_Combustivel                   0.102416         0.092359            1.109           0.267
L2.DLN_Atividade                     0.134225         0.174294            0.770           0.441
L2.DLN_Expectativa_Inflacao          0.027005         0.029113            0.928           0.354
L2.LN_Selic                         -0.774514         0.042046          -18.421           0.000
L2.DLN_IPCA_Resposta                -0.019839         0.275547           -0.072           0.943
===============================================================================================

Results for equation DLN_IPCA_Resposta
===============================================================================================
                                  coefficient       std. error           t-stat            prob
-----------------------------------------------------------------------------------------------
const                                0.007059         0.003764            1.875           0.061
m_2                                 -0.002506         0.002275           -1.102           0.271
m_3                                 -0.000899         0.002300           -0.391           0.696
m_4                                 -0.005379         0.002304           -2.334           0.020
m_5                                 -0.005828         0.002339           -2.492           0.013
m_6                                 -0.006834         0.002365           -2.890           0.004
m_7                                 -0.003842         0.002374           -1.618           0.106
m_8                                 -0.006107         0.002347           -2.602           0.009
m_9                                 -0.001361         0.002329           -0.585           0.559
m_10                                -0.000008         0.002310           -0.003           0.997
m_11                                -0.001034         0.002264           -0.457           0.648
m_12                                 0.001229         0.002266            0.542           0.588
Stringency                           0.000008         0.000043            0.185           0.853
L1.DLN_Preco_Barril_Pos              0.014550         0.011988            1.214           0.225
L1.DLN_Preco_Barril_Neg_Real         0.012008         0.009623            1.248           0.212
L1.DLN_Cambio                        0.016646         0.015007            1.109           0.267
L1.DLN_Combustivel                  -0.000425         0.028100           -0.015           0.988
L1.DLN_Atividade                     0.053674         0.049668            1.081           0.280
L1.DLN_Expectativa_Inflacao          0.018631         0.009649            1.931           0.053
L1.LN_Selic                          0.027396         0.011786            2.324           0.020
L1.DLN_IPCA_Resposta                 0.304678         0.076267            3.995           0.000
L2.DLN_Preco_Barril_Pos              0.006652         0.010856            0.613           0.540
L2.DLN_Preco_Barril_Neg_Real        -0.003362         0.009853           -0.341           0.733
L2.DLN_Cambio                       -0.024358         0.015035           -1.620           0.105
L2.DLN_Combustivel                  -0.043319         0.026478           -1.636           0.102
L2.DLN_Atividade                    -0.042368         0.049968           -0.848           0.396
L2.DLN_Expectativa_Inflacao         -0.001348         0.008346           -0.162           0.872
L2.LN_Selic                         -0.028251         0.012054           -2.344           0.019
L2.DLN_IPCA_Resposta                 0.015466         0.078996            0.196           0.845
===============================================================================================

Correlation matrix of residuals
                             DLN_Preco_Barril_Pos  DLN_Preco_Barril_Neg_Real  DLN_Cambio  DLN_Combustivel  DLN_Atividade  DLN_Expectativa_Inflacao  LN_Selic  DLN_IPCA_Resposta
DLN_Preco_Barril_Pos                     1.000000                   0.450347   -0.197904         0.312205       0.194377                  0.199325 -0.105670           0.225451
DLN_Preco_Barril_Neg_Real                0.450347                   1.000000   -0.264523         0.180126       0.421684                  0.284034 -0.005062           0.201594
DLN_Cambio                              -0.197904                  -0.264523    1.000000         0.037216      -0.197906                 -0.019211 -0.046047          -0.054988
DLN_Combustivel                          0.312205                   0.180126    0.037216         1.000000      -0.055230                  0.232339  0.108676           0.374063
DLN_Atividade                            0.194377                   0.421684   -0.197906        -0.055230       1.000000                  0.270308 -0.054703           0.061193
DLN_Expectativa_Inflacao                 0.199325                   0.284034   -0.019211         0.232339       0.270308                  1.000000  0.120146           0.453232
LN_Selic                                -0.105670                  -0.005062   -0.046047         0.108676      -0.054703                  0.120146  1.000000           0.167558
DLN_IPCA_Resposta                        0.225451                   0.201594   -0.054988         0.374063       0.061193                  0.453232  0.167558           1.000000


