  Summary of Regression Results   
==================================
Model:                         VAR
Method:                        OLS
Date:           Sat, 23, May, 2026
Time:                     14:22:54
--------------------------------------------------------------------
No. of Equations:         7.00000    BIC:                   -48.5402
Nobs:                     270.000    HQIC:                  -50.4384
Log likelihood:           4537.35    FPE:                3.51385e-23
AIC:                     -51.7122    Det(Omega_mle):     1.53184e-23
--------------------------------------------------------------------
Results for equation LN_Preco_Barril
=============================================================================================
                                coefficient       std. error           t-stat            prob
---------------------------------------------------------------------------------------------
const                             -0.054547         0.607462           -0.090           0.928
m_2                               -0.008283         0.029028           -0.285           0.775
m_3                               -0.014086         0.029344           -0.480           0.631
m_4                               -0.028937         0.029354           -0.986           0.324
m_5                               -0.004492         0.029866           -0.150           0.880
m_6                               -0.016314         0.030236           -0.540           0.589
m_7                               -0.022868         0.030509           -0.750           0.454
m_8                               -0.033377         0.029834           -1.119           0.263
m_9                               -0.026643         0.029714           -0.897           0.370
m_10                              -0.001898         0.029449           -0.064           0.949
m_11                              -0.049453         0.028944           -1.709           0.088
m_12                              -0.031729         0.028920           -1.097           0.273
Stringency                         0.000187         0.000652            0.287           0.774
L1.LN_Preco_Barril                 1.245411         0.078826           15.800           0.000
L1.LN_Cambio                      -0.462319         0.194902           -2.372           0.018
L1.LN_Combustivel                 -0.509240         0.368779           -1.381           0.167
L1.LN_Atividade                   -0.462084         0.649723           -0.711           0.477
L1.LN_Expectativa_Inflacao         0.051584         0.128725            0.401           0.689
L1.LN_Selic                        0.194041         0.244054            0.795           0.427
L1.LN_IPCA_Resposta               -0.952025         0.993092           -0.959           0.338
L2.LN_Preco_Barril                -0.419700         0.113201           -3.708           0.000
L2.LN_Cambio                       0.197319         0.298234            0.662           0.508
L2.LN_Combustivel                  0.312996         0.568735            0.550           0.582
L2.LN_Atividade                   -0.300495         0.914278           -0.329           0.742
L2.LN_Expectativa_Inflacao        -0.009454         0.164149           -0.058           0.954
L2.LN_Selic                       -0.123153         0.444991           -0.277           0.782
L2.LN_IPCA_Resposta                1.540709         1.650728            0.933           0.351
L3.LN_Preco_Barril                 0.100991         0.080013            1.262           0.207
L3.LN_Cambio                       0.193034         0.198715            0.971           0.331
L3.LN_Combustivel                 -0.002946         0.346879           -0.008           0.993
L3.LN_Atividade                    0.615476         0.622886            0.988           0.323
L3.LN_Expectativa_Inflacao        -0.064929         0.109168           -0.595           0.552
L3.LN_Selic                       -0.074838         0.239213           -0.313           0.754
L3.LN_IPCA_Resposta               -0.152699         1.054929           -0.145           0.885
=============================================================================================

Results for equation LN_Cambio
=============================================================================================
                                coefficient       std. error           t-stat            prob
---------------------------------------------------------------------------------------------
const                             -0.059606         0.211078           -0.282           0.778
m_2                                0.009468         0.010087            0.939           0.348
m_3                                0.026168         0.010196            2.566           0.010
m_4                               -0.001941         0.010200           -0.190           0.849
m_5                                0.025828         0.010378            2.489           0.013
m_6                                0.009571         0.010506            0.911           0.362
m_7                                0.017141         0.010601            1.617           0.106
m_8                                0.026951         0.010366            2.600           0.009
m_9                                0.021368         0.010325            2.070           0.038
m_10                               0.013003         0.010233            1.271           0.204
m_11                               0.020921         0.010057            2.080           0.038
m_12                               0.018903         0.010049            1.881           0.060
Stringency                         0.000037         0.000226            0.164           0.870
L1.LN_Preco_Barril                -0.067304         0.027390           -2.457           0.014
L1.LN_Cambio                       1.292042         0.067724           19.078           0.000
L1.LN_Combustivel                  0.025557         0.128142            0.199           0.842
L1.LN_Atividade                   -0.123005         0.225763           -0.545           0.586
L1.LN_Expectativa_Inflacao        -0.015896         0.044729           -0.355           0.722
L1.LN_Selic                       -0.046694         0.084803           -0.551           0.582
L1.LN_IPCA_Resposta                0.378794         0.345076            1.098           0.272
L2.LN_Preco_Barril                 0.050931         0.039335            1.295           0.195
L2.LN_Cambio                      -0.441768         0.103629           -4.263           0.000
L2.LN_Combustivel                 -0.021766         0.197622           -0.110           0.912
L2.LN_Atividade                    0.232664         0.317690            0.732           0.464
L2.LN_Expectativa_Inflacao         0.041571         0.057038            0.729           0.466
L2.LN_Selic                       -0.015285         0.154624           -0.099           0.921
L2.LN_IPCA_Resposta               -0.462541         0.573589           -0.806           0.420
L3.LN_Preco_Barril                 0.021546         0.027803            0.775           0.438
L3.LN_Cambio                       0.123128         0.069049            1.783           0.075
L3.LN_Combustivel                  0.005850         0.120532            0.049           0.961
L3.LN_Atividade                   -0.147171         0.216438           -0.680           0.497
L3.LN_Expectativa_Inflacao        -0.005439         0.037933           -0.143           0.886
L3.LN_Selic                        0.049953         0.083121            0.601           0.548
L3.LN_IPCA_Resposta                0.116032         0.366563            0.317           0.752
=============================================================================================

Results for equation LN_Combustivel
=============================================================================================
                                coefficient       std. error           t-stat            prob
---------------------------------------------------------------------------------------------
const                             -0.125734         0.119933           -1.048           0.294
m_2                                0.001413         0.005731            0.247           0.805
m_3                                0.000828         0.005794            0.143           0.886
m_4                               -0.008558         0.005796           -1.477           0.140
m_5                               -0.000197         0.005897           -0.033           0.973
m_6                               -0.013699         0.005970           -2.295           0.022
m_7                               -0.001508         0.006023           -0.250           0.802
m_8                               -0.001244         0.005890           -0.211           0.833
m_9                                0.002578         0.005866            0.439           0.660
m_10                               0.000332         0.005814            0.057           0.954
m_11                               0.001920         0.005715            0.336           0.737
m_12                              -0.000778         0.005710           -0.136           0.892
Stringency                         0.000074         0.000129            0.574           0.566
L1.LN_Preco_Barril                 0.039174         0.015563            2.517           0.012
L1.LN_Cambio                       0.076331         0.038480            1.984           0.047
L1.LN_Combustivel                  1.255810         0.072809           17.248           0.000
L1.LN_Atividade                    0.268143         0.128277            2.090           0.037
L1.LN_Expectativa_Inflacao         0.034316         0.025414            1.350           0.177
L1.LN_Selic                        0.023102         0.048184            0.479           0.632
L1.LN_IPCA_Resposta                0.221726         0.196069            1.131           0.258
L2.LN_Preco_Barril                -0.017850         0.022350           -0.799           0.424
L2.LN_Cambio                      -0.076352         0.058881           -1.297           0.195
L2.LN_Combustivel                 -0.462952         0.112287           -4.123           0.000
L2.LN_Atividade                   -0.468516         0.180509           -2.596           0.009
L2.LN_Expectativa_Inflacao        -0.044005         0.032408           -1.358           0.175
L2.LN_Selic                        0.025769         0.087856            0.293           0.769
L2.LN_IPCA_Resposta               -0.010336         0.325908           -0.032           0.975
L3.LN_Preco_Barril                -0.007775         0.015797           -0.492           0.623
L3.LN_Cambio                       0.022976         0.039233            0.586           0.558
L3.LN_Combustivel                  0.105506         0.068485            1.541           0.123
L3.LN_Atividade                    0.169634         0.122978            1.379           0.168
L3.LN_Expectativa_Inflacao         0.014050         0.021553            0.652           0.514
L3.LN_Selic                       -0.046643         0.047228           -0.988           0.323
L3.LN_IPCA_Resposta               -0.072326         0.208278           -0.347           0.728
=============================================================================================

Results for equation LN_Atividade
=============================================================================================
                                coefficient       std. error           t-stat            prob
---------------------------------------------------------------------------------------------
const                              0.167270         0.068885            2.428           0.015
m_2                                0.001044         0.003292            0.317           0.751
m_3                               -0.007869         0.003328           -2.365           0.018
m_4                               -0.001749         0.003329           -0.525           0.599
m_5                               -0.001610         0.003387           -0.476           0.634
m_6                               -0.000419         0.003429           -0.122           0.903
m_7                               -0.000885         0.003460           -0.256           0.798
m_8                                0.001414         0.003383            0.418           0.676
m_9                                0.001313         0.003369            0.390           0.697
m_10                               0.001207         0.003339            0.362           0.718
m_11                              -0.002165         0.003282           -0.660           0.509
m_12                              -0.000873         0.003279           -0.266           0.790
Stringency                        -0.000067         0.000074           -0.912           0.362
L1.LN_Preco_Barril                 0.041648         0.008939            4.659           0.000
L1.LN_Cambio                      -0.011640         0.022102           -0.527           0.598
L1.LN_Combustivel                 -0.005176         0.041819           -0.124           0.901
L1.LN_Atividade                    1.015343         0.073677           13.781           0.000
L1.LN_Expectativa_Inflacao         0.000144         0.014597            0.010           0.992
L1.LN_Selic                        0.028738         0.027675            1.038           0.299
L1.LN_IPCA_Resposta               -0.041049         0.112614           -0.365           0.715
L2.LN_Preco_Barril                -0.048992         0.012837           -3.817           0.000
L2.LN_Cambio                      -0.001116         0.033819           -0.033           0.974
L2.LN_Combustivel                  0.015417         0.064493            0.239           0.811
L2.LN_Atividade                   -0.213558         0.103677           -2.060           0.039
L2.LN_Expectativa_Inflacao         0.039600         0.018614            2.127           0.033
L2.LN_Selic                       -0.088266         0.050461           -1.749           0.080
L2.LN_IPCA_Resposta                0.039655         0.187189            0.212           0.832
L3.LN_Preco_Barril                 0.009983         0.009073            1.100           0.271
L3.LN_Cambio                       0.004443         0.022534            0.197           0.844
L3.LN_Combustivel                 -0.010605         0.039335           -0.270           0.787
L3.LN_Atividade                    0.132273         0.070634            1.873           0.061
L3.LN_Expectativa_Inflacao        -0.036431         0.012379           -2.943           0.003
L3.LN_Selic                        0.056201         0.027126            2.072           0.038
L3.LN_IPCA_Resposta                0.028107         0.119627            0.235           0.814
=============================================================================================

Results for equation LN_Expectativa_Inflacao
=============================================================================================
                                coefficient       std. error           t-stat            prob
---------------------------------------------------------------------------------------------
const                             -0.764139         0.358839           -2.129           0.033
m_2                               -0.011612         0.017148           -0.677           0.498
m_3                               -0.025885         0.017334           -1.493           0.135
m_4                               -0.037365         0.017340           -2.155           0.031
m_5                               -0.001874         0.017643           -0.106           0.915
m_6                               -0.047830         0.017861           -2.678           0.007
m_7                               -0.026291         0.018022           -1.459           0.145
m_8                               -0.026897         0.017623           -1.526           0.127
m_9                               -0.020046         0.017553           -1.142           0.253
m_10                              -0.005150         0.017396           -0.296           0.767
m_11                              -0.004248         0.017098           -0.248           0.804
m_12                              -0.006179         0.017084           -0.362           0.718
Stringency                         0.000529         0.000385            1.376           0.169
L1.LN_Preco_Barril                 0.113878         0.046564            2.446           0.014
L1.LN_Cambio                       0.368689         0.115132            3.202           0.001
L1.LN_Combustivel                  0.431973         0.217845            1.983           0.047
L1.LN_Atividade                    1.395428         0.383804            3.636           0.000
L1.LN_Expectativa_Inflacao         0.923471         0.076040           12.145           0.000
L1.LN_Selic                        0.352434         0.144167            2.445           0.015
L1.LN_IPCA_Resposta               -2.310264         0.586638           -3.938           0.000
L2.LN_Preco_Barril                -0.178254         0.066870           -2.666           0.008
L2.LN_Cambio                      -0.412358         0.176172           -2.341           0.019
L2.LN_Combustivel                 -0.677747         0.335962           -2.017           0.044
L2.LN_Atividade                   -1.125636         0.540081           -2.084           0.037
L2.LN_Expectativa_Inflacao        -0.096248         0.096966           -0.993           0.321
L2.LN_Selic                       -0.319751         0.262864           -1.216           0.224
L2.LN_IPCA_Resposta                1.980653         0.975116            2.031           0.042
L3.LN_Preco_Barril                 0.081193         0.047265            1.718           0.086
L3.LN_Cambio                       0.170609         0.117385            1.453           0.146
L3.LN_Combustivel                  0.193989         0.204908            0.947           0.344
L3.LN_Atividade                    0.217597         0.367950            0.591           0.554
L3.LN_Expectativa_Inflacao         0.032844         0.064488            0.509           0.611
L3.LN_Selic                       -0.002496         0.141308           -0.018           0.986
L3.LN_IPCA_Resposta                0.094306         0.623166            0.151           0.880
=============================================================================================

Results for equation LN_Selic
=============================================================================================
                                coefficient       std. error           t-stat            prob
---------------------------------------------------------------------------------------------
const                              0.068139         0.159253            0.428           0.669
m_2                                0.005811         0.007610            0.764           0.445
m_3                                0.001521         0.007693            0.198           0.843
m_4                               -0.002087         0.007696           -0.271           0.786
m_5                                0.009497         0.007830            1.213           0.225
m_6                               -0.000067         0.007927           -0.008           0.993
m_7                                0.000773         0.007998            0.097           0.923
m_8                                0.000912         0.007821            0.117           0.907
m_9                               -0.003996         0.007790           -0.513           0.608
m_10                               0.005898         0.007720            0.764           0.445
m_11                              -0.000709         0.007588           -0.093           0.926
m_12                               0.000502         0.007582            0.066           0.947
Stringency                        -0.000136         0.000171           -0.799           0.424
L1.LN_Preco_Barril                 0.043324         0.020665            2.096           0.036
L1.LN_Cambio                       0.089571         0.051096            1.753           0.080
L1.LN_Combustivel                  0.032413         0.096680            0.335           0.737
L1.LN_Atividade                    0.178585         0.170332            1.048           0.294
L1.LN_Expectativa_Inflacao        -0.009553         0.033747           -0.283           0.777
L1.LN_Selic                        1.523118         0.063982           23.806           0.000
L1.LN_IPCA_Resposta                0.380682         0.260350            1.462           0.144
L2.LN_Preco_Barril                -0.020961         0.029677           -0.706           0.480
L2.LN_Cambio                      -0.089671         0.078185           -1.147           0.251
L2.LN_Combustivel                  0.053183         0.149100            0.357           0.721
L2.LN_Atividade                    0.123219         0.239688            0.514           0.607
L2.LN_Expectativa_Inflacao         0.020884         0.043033            0.485           0.627
L2.LN_Selic                       -0.273954         0.116659           -2.348           0.019
L2.LN_IPCA_Resposta               -0.453896         0.432757           -1.049           0.294
L3.LN_Preco_Barril                -0.005489         0.020976           -0.262           0.794
L3.LN_Cambio                       0.035231         0.052095            0.676           0.499
L3.LN_Combustivel                 -0.049370         0.090938           -0.543           0.587
L3.LN_Atividade                   -0.238683         0.163297           -1.462           0.144
L3.LN_Expectativa_Inflacao        -0.005886         0.028620           -0.206           0.837
L3.LN_Selic                       -0.265580         0.062712           -4.235           0.000
L3.LN_IPCA_Resposta               -0.049303         0.276562           -0.178           0.859
=============================================================================================

Results for equation LN_IPCA_Resposta
=============================================================================================
                                coefficient       std. error           t-stat            prob
---------------------------------------------------------------------------------------------
const                             -0.028742         0.046839           -0.614           0.539
m_2                               -0.002195         0.002238           -0.980           0.327
m_3                               -0.000752         0.002263           -0.332           0.740
m_4                               -0.005316         0.002263           -2.348           0.019
m_5                               -0.005620         0.002303           -2.441           0.015
m_6                               -0.006926         0.002331           -2.971           0.003
m_7                               -0.004189         0.002352           -1.781           0.075
m_8                               -0.006391         0.002300           -2.778           0.005
m_9                               -0.001972         0.002291           -0.861           0.389
m_10                              -0.000440         0.002271           -0.194           0.846
m_11                              -0.001210         0.002232           -0.542           0.588
m_12                               0.001008         0.002230            0.452           0.651
Stringency                        -0.000007         0.000050           -0.147           0.883
L1.LN_Preco_Barril                 0.011713         0.006078            1.927           0.054
L1.LN_Cambio                       0.025798         0.015028            1.717           0.086
L1.LN_Combustivel                 -0.001546         0.028435           -0.054           0.957
L1.LN_Atividade                    0.071238         0.050098            1.422           0.155
L1.LN_Expectativa_Inflacao         0.018158         0.009925            1.829           0.067
L1.LN_Selic                        0.026905         0.018818            1.430           0.153
L1.LN_IPCA_Resposta                1.262221         0.076574           16.484           0.000
L2.LN_Preco_Barril                -0.010103         0.008728           -1.158           0.247
L2.LN_Cambio                      -0.045269         0.022996           -1.969           0.049
L2.LN_Combustivel                 -0.043089         0.043853           -0.983           0.326
L2.LN_Atividade                   -0.102551         0.070497           -1.455           0.146
L2.LN_Expectativa_Inflacao        -0.018463         0.012657           -1.459           0.145
L2.LN_Selic                       -0.014704         0.034312           -0.429           0.668
L2.LN_IPCA_Resposta               -0.298581         0.127281           -2.346           0.019
L3.LN_Preco_Barril                -0.002021         0.006169           -0.328           0.743
L3.LN_Cambio                       0.031854         0.015322            2.079           0.038
L3.LN_Combustivel                  0.032854         0.026746            1.228           0.219
L3.LN_Atividade                    0.055958         0.048028            1.165           0.244
L3.LN_Expectativa_Inflacao        -0.003240         0.008418           -0.385           0.700
L3.LN_Selic                       -0.011953         0.018445           -0.648           0.517
L3.LN_IPCA_Resposta                0.032274         0.081342            0.397           0.692
=============================================================================================

Correlation matrix of residuals
                           LN_Preco_Barril  LN_Cambio  LN_Combustivel  LN_Atividade  LN_Expectativa_Inflacao  LN_Selic  LN_IPCA_Resposta
LN_Preco_Barril                   1.000000  -0.268022        0.269913      0.438854                 0.269669 -0.043803          0.233633
LN_Cambio                        -0.268022   1.000000        0.046766     -0.204888                 0.001049 -0.049120         -0.022916
LN_Combustivel                    0.269913   0.046766        1.000000     -0.032613                 0.235441  0.092830          0.372089
LN_Atividade                      0.438854  -0.204888       -0.032613      1.000000                 0.272634 -0.033479          0.083844
LN_Expectativa_Inflacao           0.269669   0.001049        0.235441      0.272634                 1.000000  0.146206          0.460395
LN_Selic                         -0.043803  -0.049120        0.092830     -0.033479                 0.146206  1.000000          0.161379
LN_IPCA_Resposta                  0.233633  -0.022916        0.372089      0.083844                 0.460395  0.161379          1.000000


