  Summary of Regression Results   
==================================
Model:                         VAR
Method:                        OLS
Date:           Sat, 23, May, 2026
Time:                     14:22:53
--------------------------------------------------------------------
No. of Equations:         7.00000    BIC:                   -51.0202
Nobs:                     270.000    HQIC:                  -52.9184
Log likelihood:           4872.15    FPE:                2.94261e-24
AIC:                     -54.1922    Det(Omega_mle):     1.28281e-24
--------------------------------------------------------------------
Results for equation LN_Preco_Barril
=============================================================================================
                                coefficient       std. error           t-stat            prob
---------------------------------------------------------------------------------------------
const                              0.127422         0.739155            0.172           0.863
m_2                               -0.007567         0.029901           -0.253           0.800
m_3                               -0.010351         0.029305           -0.353           0.724
m_4                               -0.028884         0.030227           -0.956           0.339
m_5                                0.000234         0.030068            0.008           0.994
m_6                               -0.006070         0.030301           -0.200           0.841
m_7                               -0.012435         0.030992           -0.401           0.688
m_8                               -0.022969         0.030631           -0.750           0.453
m_9                               -0.014229         0.030894           -0.461           0.645
m_10                               0.004594         0.030187            0.152           0.879
m_11                              -0.046514         0.029339           -1.585           0.113
m_12                              -0.029261         0.029625           -0.988           0.323
Stringency                         0.000414         0.000651            0.636           0.524
L1.LN_Preco_Barril                 1.247549         0.079634           15.666           0.000
L1.LN_Cambio                      -0.463805         0.199542           -2.324           0.020
L1.LN_Combustivel                 -0.537155         0.356468           -1.507           0.132
L1.LN_Atividade                   -0.403784         0.652323           -0.619           0.536
L1.LN_Expectativa_Inflacao        -0.035831         0.154163           -0.232           0.816
L1.LN_Selic                        0.151581         0.246360            0.615           0.538
L1.LN_IPCA_Resposta                1.282187         3.332784            0.385           0.700
L2.LN_Preco_Barril                -0.413784         0.114961           -3.599           0.000
L2.LN_Cambio                       0.232065         0.302109            0.768           0.442
L2.LN_Combustivel                  0.468652         0.552256            0.849           0.396
L2.LN_Atividade                   -0.270527         0.919748           -0.294           0.769
L2.LN_Expectativa_Inflacao        -0.043352         0.194095           -0.223           0.823
L2.LN_Selic                       -0.028873         0.445355           -0.065           0.948
L2.LN_IPCA_Resposta                0.642419         5.825873            0.110           0.912
L3.LN_Preco_Barril                 0.102557         0.082191            1.248           0.212
L3.LN_Cambio                       0.184351         0.200420            0.920           0.358
L3.LN_Combustivel                 -0.000271         0.332197           -0.001           0.999
L3.LN_Atividade                    0.696683         0.641773            1.086           0.278
L3.LN_Expectativa_Inflacao        -0.020003         0.112262           -0.178           0.859
L3.LN_Selic                       -0.107425         0.239951           -0.448           0.654
L3.LN_IPCA_Resposta               -1.813612         3.491981           -0.519           0.604
=============================================================================================

Results for equation LN_Cambio
=============================================================================================
                                coefficient       std. error           t-stat            prob
---------------------------------------------------------------------------------------------
const                              0.213616         0.252701            0.845           0.398
m_2                                0.012131         0.010223            1.187           0.235
m_3                                0.025226         0.010019            2.518           0.012
m_4                                0.000454         0.010334            0.044           0.965
m_5                                0.026034         0.010280            2.533           0.011
m_6                                0.009361         0.010359            0.904           0.366
m_7                                0.017148         0.010596            1.618           0.106
m_8                                0.026176         0.010472            2.500           0.012
m_9                                0.020747         0.010562            1.964           0.049
m_10                               0.012031         0.010320            1.166           0.244
m_11                               0.020187         0.010031            2.013           0.044
m_12                               0.020553         0.010128            2.029           0.042
Stringency                         0.000103         0.000222            0.464           0.643
L1.LN_Preco_Barril                -0.058260         0.027225           -2.140           0.032
L1.LN_Cambio                       1.293119         0.068219           18.955           0.000
L1.LN_Combustivel                  0.011137         0.121869            0.091           0.927
L1.LN_Atividade                   -0.134571         0.223015           -0.603           0.546
L1.LN_Expectativa_Inflacao        -0.047833         0.052705           -0.908           0.364
L1.LN_Selic                       -0.001013         0.084225           -0.012           0.990
L1.LN_IPCA_Resposta                1.553473         1.139409            1.363           0.173
L2.LN_Preco_Barril                 0.039831         0.039303            1.013           0.311
L2.LN_Cambio                      -0.449476         0.103285           -4.352           0.000
L2.LN_Combustivel                 -0.033780         0.188805           -0.179           0.858
L2.LN_Atividade                    0.246553         0.314443            0.784           0.433
L2.LN_Expectativa_Inflacao         0.081820         0.066357            1.233           0.218
L2.LN_Selic                       -0.047542         0.152258           -0.312           0.755
L2.LN_IPCA_Resposta               -2.663914         1.991743           -1.337           0.181
L3.LN_Preco_Barril                 0.034827         0.028099            1.239           0.215
L3.LN_Cambio                       0.117244         0.068520            1.711           0.087
L3.LN_Combustivel                 -0.008176         0.113571           -0.072           0.943
L3.LN_Atividade                   -0.266153         0.219409           -1.213           0.225
L3.LN_Expectativa_Inflacao        -0.020056         0.038380           -0.523           0.601
L3.LN_Selic                        0.044566         0.082034            0.543           0.587
L3.LN_IPCA_Resposta                1.223192         1.193835            1.025           0.306
=============================================================================================

Results for equation LN_Combustivel
=============================================================================================
                                coefficient       std. error           t-stat            prob
---------------------------------------------------------------------------------------------
const                              0.067545         0.146109            0.462           0.644
m_2                                0.002365         0.005911            0.400           0.689
m_3                                0.000475         0.005793            0.082           0.935
m_4                               -0.008286         0.005975           -1.387           0.165
m_5                               -0.000323         0.005944           -0.054           0.957
m_6                               -0.014521         0.005990           -2.424           0.015
m_7                               -0.002514         0.006126           -0.410           0.682
m_8                               -0.002054         0.006055           -0.339           0.734
m_9                                0.001633         0.006107            0.267           0.789
m_10                              -0.000881         0.005967           -0.148           0.883
m_11                               0.000877         0.005800            0.151           0.880
m_12                              -0.000986         0.005856           -0.168           0.866
Stringency                         0.000155         0.000129            1.205           0.228
L1.LN_Preco_Barril                 0.044730         0.015741            2.842           0.004
L1.LN_Cambio                       0.075950         0.039443            1.926           0.054
L1.LN_Combustivel                  1.287104         0.070463           18.266           0.000
L1.LN_Atividade                    0.286776         0.128945            2.224           0.026
L1.LN_Expectativa_Inflacao         0.012952         0.030473            0.425           0.671
L1.LN_Selic                        0.049592         0.048698            1.018           0.309
L1.LN_IPCA_Resposta                0.629187         0.658793            0.955           0.340
L2.LN_Preco_Barril                -0.020199         0.022724           -0.889           0.374
L2.LN_Cambio                      -0.073442         0.059718           -1.230           0.219
L2.LN_Combustivel                 -0.464958         0.109165           -4.259           0.000
L2.LN_Atividade                   -0.462524         0.181807           -2.544           0.011
L2.LN_Expectativa_Inflacao        -0.036019         0.038367           -0.939           0.348
L2.LN_Selic                        0.020506         0.088034            0.233           0.816
L2.LN_IPCA_Resposta               -0.510964         1.151603           -0.444           0.657
L3.LN_Preco_Barril                -0.004534         0.016247           -0.279           0.780
L3.LN_Cambio                       0.022794         0.039617            0.575           0.565
L3.LN_Combustivel                  0.092004         0.065665            1.401           0.161
L3.LN_Atividade                    0.136837         0.126859            1.079           0.281
L3.LN_Expectativa_Inflacao         0.006371         0.022191            0.287           0.774
L3.LN_Selic                       -0.059268         0.047431           -1.250           0.211
L3.LN_IPCA_Resposta               -0.031431         0.690261           -0.046           0.964
=============================================================================================

Results for equation LN_Atividade
=============================================================================================
                                coefficient       std. error           t-stat            prob
---------------------------------------------------------------------------------------------
const                              0.187209         0.083389            2.245           0.025
m_2                                0.001310         0.003373            0.388           0.698
m_3                               -0.007597         0.003306           -2.298           0.022
m_4                               -0.001371         0.003410           -0.402           0.688
m_5                               -0.001227         0.003392           -0.362           0.718
m_6                                0.000202         0.003419            0.059           0.953
m_7                               -0.000478         0.003496           -0.137           0.891
m_8                                0.001590         0.003456            0.460           0.645
m_9                                0.001486         0.003485            0.426           0.670
m_10                               0.001118         0.003406            0.328           0.743
m_11                              -0.002272         0.003310           -0.686           0.492
m_12                              -0.000794         0.003342           -0.238           0.812
Stringency                        -0.000048         0.000073           -0.658           0.511
L1.LN_Preco_Barril                 0.042605         0.008984            4.742           0.000
L1.LN_Cambio                      -0.011603         0.022512           -0.515           0.606
L1.LN_Combustivel                 -0.006503         0.040215           -0.162           0.872
L1.LN_Atividade                    1.019909         0.073593           13.859           0.000
L1.LN_Expectativa_Inflacao        -0.005461         0.017392           -0.314           0.754
L1.LN_Selic                        0.028895         0.027794            1.040           0.299
L1.LN_IPCA_Resposta                0.031839         0.375993            0.085           0.933
L2.LN_Preco_Barril                -0.049908         0.012969           -3.848           0.000
L2.LN_Cambio                      -0.000634         0.034083           -0.019           0.985
L2.LN_Combustivel                  0.023489         0.062304            0.377           0.706
L2.LN_Atividade                   -0.209261         0.103763           -2.017           0.044
L2.LN_Expectativa_Inflacao         0.042424         0.021897            1.937           0.053
L2.LN_Selic                       -0.084771         0.050243           -1.687           0.092
L2.LN_IPCA_Resposta               -0.135133         0.657255           -0.206           0.837
L3.LN_Preco_Barril                 0.010834         0.009273            1.168           0.243
L3.LN_Cambio                       0.004869         0.022611            0.215           0.830
L3.LN_Combustivel                 -0.011291         0.037477           -0.301           0.763
L3.LN_Atividade                    0.128875         0.072403            1.780           0.075
L3.LN_Expectativa_Inflacao        -0.036488         0.012665           -2.881           0.004
L3.LN_Selic                        0.053739         0.027070            1.985           0.047
L3.LN_IPCA_Resposta                0.114168         0.393953            0.290           0.772
=============================================================================================

Results for equation LN_Expectativa_Inflacao
=============================================================================================
                                coefficient       std. error           t-stat            prob
---------------------------------------------------------------------------------------------
const                             -0.955933         0.426139           -2.243           0.025
m_2                               -0.022113         0.017239           -1.283           0.200
m_3                               -0.016827         0.016895           -0.996           0.319
m_4                               -0.041727         0.017426           -2.394           0.017
m_5                               -0.001047         0.017335           -0.060           0.952
m_6                               -0.048789         0.017469           -2.793           0.005
m_7                               -0.038106         0.017868           -2.133           0.033
m_8                               -0.038783         0.017659           -2.196           0.028
m_9                               -0.034049         0.017811           -1.912           0.056
m_10                              -0.013660         0.017403           -0.785           0.433
m_11                              -0.009069         0.016915           -0.536           0.592
m_12                              -0.017323         0.017079           -1.014           0.310
Stringency                         0.000489         0.000375            1.304           0.192
L1.LN_Preco_Barril                 0.081109         0.045911            1.767           0.077
L1.LN_Cambio                       0.293550         0.115040            2.552           0.011
L1.LN_Combustivel                  0.227150         0.205512            1.105           0.269
L1.LN_Atividade                    1.348235         0.376079            3.585           0.000
L1.LN_Expectativa_Inflacao         1.125674         0.088878           12.665           0.000
L1.LN_Selic                        0.266325         0.142032            1.875           0.061
L1.LN_IPCA_Resposta              -10.366029         1.921425           -5.395           0.000
L2.LN_Preco_Barril                -0.152679         0.066278           -2.304           0.021
L2.LN_Cambio                      -0.363204         0.174173           -2.085           0.037
L2.LN_Combustivel                 -0.490157         0.318388           -1.539           0.124
L2.LN_Atividade                   -1.174316         0.530256           -2.215           0.027
L2.LN_Expectativa_Inflacao        -0.215713         0.111900           -1.928           0.054
L2.LN_Selic                       -0.249698         0.256757           -0.973           0.331
L2.LN_IPCA_Resposta               12.605125         3.358747            3.753           0.000
L3.LN_Preco_Barril                 0.079785         0.047385            1.684           0.092
L3.LN_Cambio                       0.174880         0.115547            1.514           0.130
L3.LN_Combustivel                  0.173125         0.191519            0.904           0.366
L3.LN_Atividade                    0.246486         0.369996            0.666           0.505
L3.LN_Expectativa_Inflacao         0.034383         0.064721            0.531           0.595
L3.LN_Selic                       -0.005060         0.138337           -0.037           0.971
L3.LN_IPCA_Resposta               -2.335505         2.013206           -1.160           0.246
=============================================================================================

Results for equation LN_Selic
=============================================================================================
                                coefficient       std. error           t-stat            prob
---------------------------------------------------------------------------------------------
const                             -0.153801         0.190046           -0.809           0.418
m_2                                0.001350         0.007688            0.176           0.861
m_3                               -0.001115         0.007535           -0.148           0.882
m_4                               -0.006935         0.007772           -0.892           0.372
m_5                                0.005455         0.007731            0.706           0.480
m_6                               -0.006196         0.007791           -0.795           0.426
m_7                               -0.002081         0.007969           -0.261           0.794
m_8                                0.000263         0.007876            0.033           0.973
m_9                               -0.005249         0.007943           -0.661           0.509
m_10                               0.007685         0.007761            0.990           0.322
m_11                               0.000101         0.007544            0.013           0.989
m_12                              -0.001969         0.007617           -0.259           0.796
Stringency                        -0.000267         0.000167           -1.598           0.110
L1.LN_Preco_Barril                 0.034770         0.020475            1.698           0.089
L1.LN_Cambio                       0.084401         0.051305            1.645           0.100
L1.LN_Combustivel                  0.083871         0.091653            0.915           0.360
L1.LN_Atividade                    0.141014         0.167721            0.841           0.400
L1.LN_Expectativa_Inflacao         0.061018         0.039637            1.539           0.124
L1.LN_Selic                        1.501418         0.063342           23.703           0.000
L1.LN_IPCA_Resposta               -0.881906         0.856903           -1.029           0.303
L2.LN_Preco_Barril                -0.009101         0.029558           -0.308           0.758
L2.LN_Cambio                      -0.083454         0.077676           -1.074           0.283
L2.LN_Combustivel                 -0.044142         0.141992           -0.311           0.756
L2.LN_Atividade                    0.092278         0.236479            0.390           0.696
L2.LN_Expectativa_Inflacao        -0.051960         0.049904           -1.041           0.298
L2.LN_Selic                       -0.281387         0.114507           -2.457           0.014
L2.LN_IPCA_Resposta                2.716679         1.497909            1.814           0.070
L3.LN_Preco_Barril                -0.019268         0.021132           -0.912           0.362
L3.LN_Cambio                       0.037991         0.051531            0.737           0.461
L3.LN_Combustivel                 -0.003619         0.085412           -0.042           0.966
L3.LN_Atividade                   -0.126021         0.165008           -0.764           0.445
L3.LN_Expectativa_Inflacao         0.006064         0.028864            0.210           0.834
L3.LN_Selic                       -0.245022         0.061695           -3.972           0.000
L3.LN_IPCA_Resposta               -1.941841         0.897835           -2.163           0.031
=============================================================================================

Results for equation LN_IPCA_Resposta
=============================================================================================
                                coefficient       std. error           t-stat            prob
---------------------------------------------------------------------------------------------
const                             -0.036901         0.018578           -1.986           0.047
m_2                                0.000780         0.000752            1.038           0.299
m_3                               -0.000397         0.000737           -0.539           0.590
m_4                               -0.000735         0.000760           -0.967           0.333
m_5                               -0.000836         0.000756           -1.106           0.269
m_6                               -0.002736         0.000762           -3.593           0.000
m_7                               -0.002071         0.000779           -2.658           0.008
m_8                               -0.002684         0.000770           -3.487           0.000
m_9                               -0.001104         0.000776           -1.422           0.155
m_10                              -0.000066         0.000759           -0.087           0.930
m_11                              -0.000612         0.000737           -0.830           0.406
m_12                               0.000706         0.000745            0.948           0.343
Stringency                         0.000013         0.000016            0.791           0.429
L1.LN_Preco_Barril                 0.002569         0.002001            1.284           0.199
L1.LN_Cambio                       0.005736         0.005015            1.144           0.253
L1.LN_Combustivel                  0.010349         0.008959            1.155           0.248
L1.LN_Atividade                    0.031541         0.016395            1.924           0.054
L1.LN_Expectativa_Inflacao         0.013201         0.003875            3.407           0.001
L1.LN_Selic                        0.001595         0.006192            0.258           0.797
L1.LN_IPCA_Resposta                1.118621         0.083764           13.354           0.000
L2.LN_Preco_Barril                -0.003941         0.002889           -1.364           0.173
L2.LN_Cambio                      -0.009333         0.007593           -1.229           0.219
L2.LN_Combustivel                 -0.023948         0.013880           -1.725           0.084
L2.LN_Atividade                   -0.028189         0.023116           -1.219           0.223
L2.LN_Expectativa_Inflacao        -0.009083         0.004878           -1.862           0.063
L2.LN_Selic                        0.006390         0.011193            0.571           0.568
L2.LN_IPCA_Resposta               -0.021214         0.146424           -0.145           0.885
L3.LN_Preco_Barril                 0.000332         0.002066            0.161           0.872
L3.LN_Cambio                       0.007541         0.005037            1.497           0.134
L3.LN_Combustivel                  0.012374         0.008349            1.482           0.138
L3.LN_Atividade                    0.013644         0.016130            0.846           0.398
L3.LN_Expectativa_Inflacao        -0.001925         0.002822           -0.682           0.495
L3.LN_Selic                       -0.008221         0.006031           -1.363           0.173
L3.LN_IPCA_Resposta               -0.103516         0.087766           -1.179           0.238
=============================================================================================

Correlation matrix of residuals
                           LN_Preco_Barril  LN_Cambio  LN_Combustivel  LN_Atividade  LN_Expectativa_Inflacao  LN_Selic  LN_IPCA_Resposta
LN_Preco_Barril                   1.000000  -0.276123        0.274664      0.443194                 0.289712 -0.062116          0.142386
LN_Cambio                        -0.276123   1.000000        0.030935     -0.213372                 0.011198 -0.013159         -0.062613
LN_Combustivel                    0.274664   0.030935        1.000000     -0.030284                 0.217431  0.109036          0.189892
LN_Atividade                      0.443194  -0.213372       -0.030284      1.000000                 0.279862 -0.034117          0.147299
LN_Expectativa_Inflacao           0.289712   0.011198        0.217431      0.279862                 1.000000  0.118695          0.633712
LN_Selic                         -0.062116  -0.013159        0.109036     -0.034117                 0.118695  1.000000          0.058601
LN_IPCA_Resposta                  0.142386  -0.062613        0.189892      0.147299                 0.633712  0.058601          1.000000


